      0/99     9.36G   0.03286   0.02513  0.004848   0.06284        49       640    0.6277      0.61    0.6026    0.3838    0.0332   0.02593  0.005011
      1/99     9.92G   0.03356   0.02512  0.005032   0.06372        15       640    0.6564    0.5799    0.5962    0.3761   0.03423   0.02625  0.005494
      2/99     9.93G    0.0357   0.02608  0.005719    0.0675       149       640    0.6091    0.5437    0.5599    0.3232   0.03636   0.02591  0.005325
      3/99     9.93G   0.03763    0.0271  0.006607   0.07133       166       640    0.5782    0.5696    0.5571    0.3387   0.03738   0.02602   0.00487
      4/99     9.93G   0.03748   0.02676  0.006482   0.07072        18       640    0.6127    0.5417    0.5538    0.3278   0.03656   0.02592  0.004959
      5/99     9.93G    0.0377   0.02647   0.00661   0.07078        51       640    0.6078    0.5548    0.5636    0.3287   0.03681   0.02561  0.005193
      6/99     10.1G   0.03758   0.02675  0.006682   0.07101        92       640    0.6218     0.539    0.5533    0.3393   0.03743    0.0258  0.005616
      7/99     11.2G   0.03743   0.02677  0.006471   0.07066        73       640    0.6002    0.5414    0.5458    0.3311   0.03765   0.02574  0.005287
      8/99     11.2G   0.03723   0.02655  0.006409   0.07019        24       640    0.5904    0.5595    0.5623     0.336   0.03693   0.02578  0.005496
      9/99     11.5G   0.03732    0.0265  0.006408   0.07022       173       640    0.6032     0.561     0.561    0.3441   0.03661    0.0257  0.005275
     10/99     11.5G   0.03694   0.02637    0.0063   0.06961        31       640    0.6112    0.5605    0.5637    0.3445   0.03601   0.02566  0.005161
     11/99     11.5G   0.03706   0.02632    0.0063   0.06967       104       640    0.6101     0.555    0.5619    0.3455   0.03667   0.02553  0.005251
     12/99     11.5G   0.03708   0.02651  0.006241   0.06983       120       640    0.6136    0.5602    0.5653    0.3527    0.0355   0.02586  0.005282
     13/99     11.5G   0.03695   0.02675  0.006307   0.07001       219       640    0.6396    0.5489    0.5687    0.3532   0.03662   0.02561    0.0052
     14/99     11.5G   0.03703   0.02655  0.006278   0.06986        44       640    0.6497    0.5517    0.5765    0.3473   0.03652   0.02574  0.005249
     15/99     11.5G   0.03694   0.02641    0.0062   0.06955        52       640    0.6345    0.5614    0.5762    0.3561   0.03532   0.02568  0.005346
     16/99     11.5G   0.03662   0.02666  0.006235   0.06952       160       640    0.6249    0.5664    0.5767    0.3487   0.03597   0.02598    0.0052
     17/99     11.5G   0.03671   0.02611  0.006181   0.06901        27       640    0.6553    0.5489    0.5778    0.3566   0.03534   0.02569  0.004817
     18/99     11.5G    0.0367   0.02634  0.006221   0.06926         7       640    0.6383     0.559    0.5766    0.3621   0.03532   0.02564  0.005063
     19/99     11.5G   0.03662   0.02643  0.006152    0.0692       120       640    0.6356    0.5608    0.5804    0.3569   0.03547   0.02588  0.005015
     20/99     11.5G   0.03647    0.0262  0.006116   0.06878        47       640    0.6256    0.5771    0.5841    0.3582   0.03474   0.02555  0.004938
     21/99     11.5G   0.03669   0.02634  0.006248   0.06929        52       640    0.6413    0.5679    0.5845     0.363   0.03478   0.02552   0.00484
     22/99     11.5G   0.03646   0.02638  0.006078   0.06892         0       640    0.6235    0.5779    0.5849    0.3721   0.03477   0.02573  0.004778
     23/99     11.5G    0.0366   0.02639  0.006187   0.06918       157       640    0.6442    0.5679    0.5872    0.3666   0.03478   0.02563  0.004997
     24/99     11.5G   0.03636   0.02657  0.006137   0.06907        16       640    0.6489    0.5706    0.5896    0.3656   0.03437   0.02561   0.00481
     25/99     11.5G   0.03642   0.02621   0.00614   0.06877        24       640    0.6354    0.5844    0.5914    0.3711   0.03415   0.02567  0.004842
     26/99     11.5G   0.03642    0.0263  0.006097   0.06882        77       640    0.6239    0.5859    0.5889    0.3691   0.03457   0.02566  0.004817
     27/99     11.5G   0.03626   0.02637  0.006088   0.06872       231       640    0.6535      0.57    0.5923    0.3718   0.03451   0.02571  0.004697
     28/99     11.5G   0.03663   0.02641  0.006102   0.06914        38       640    0.6372    0.5784    0.5923    0.3701    0.0344   0.02568  0.004878
     29/99     11.5G   0.03624   0.02645   0.00606   0.06875       136       640    0.6346    0.5877     0.595    0.3766   0.03419   0.02573  0.004086
     30/99     11.5G   0.03624   0.02643  0.005999   0.06867        95       640    0.6549    0.5768    0.5957    0.3773   0.03401   0.02582  0.004033
     31/99     11.5G   0.03619   0.02649  0.006002   0.06868        88       640    0.6561    0.5765    0.5953    0.3774   0.03378   0.02574  0.004061
     32/99     11.5G   0.03593   0.02649   0.00599   0.06841       131       640    0.6552    0.5812     0.598    0.3808   0.03388   0.02573  0.004153
     33/99     11.5G   0.03616   0.02601  0.006051   0.06822        18       640    0.6603    0.5822    0.6013    0.3813   0.03361   0.02574  0.004112
     34/99     11.5G   0.03602   0.02684  0.006025   0.06889       109       640    0.6555    0.5823     0.601    0.3817   0.03351   0.02571  0.004099
     35/99     11.5G   0.03605   0.02616  0.005921   0.06814        40       640    0.6539    0.5862    0.6015    0.3845   0.03346   0.02572  0.004133
     36/99     11.5G     0.036   0.02637  0.005888   0.06826       107       640    0.6336    0.5996    0.6022    0.3844   0.03331   0.02567  0.004121
     37/99     11.5G   0.03594   0.02643  0.005871   0.06824       111       640    0.6306    0.6021    0.6019    0.3844   0.03329   0.02567  0.004106
     38/99     11.5G   0.03592   0.02646  0.005896   0.06828        46       640    0.6733    0.5753     0.603    0.3845   0.03317   0.02569  0.004236
     39/99     11.5G   0.03568   0.02627   0.00584   0.06779        12       640    0.6725    0.5778     0.604    0.3852   0.03302   0.02572  0.004249
     40/99     11.5G   0.03577   0.02621  0.005893   0.06788        55       640    0.6404    0.5975    0.6048    0.3851   0.03296   0.02577  0.004245
     41/99     11.5G   0.03584   0.02638  0.005815   0.06804        30       640    0.6627    0.5883    0.6075    0.3872   0.03291   0.02577  0.004232
     42/99     11.5G   0.03576   0.02613  0.005746   0.06763        37       640    0.6625    0.5912     0.609    0.3891   0.03289    0.0258  0.004206
     43/99     11.5G   0.03558   0.02602  0.005789   0.06739        46       640    0.6611    0.5914    0.6089    0.3895    0.0329   0.02584  0.004141
     44/99     11.5G    0.0356   0.02645  0.005763   0.06781        54       640    0.6518    0.5976    0.6088    0.3896    0.0328   0.02583  0.004095
     45/99     11.5G   0.03534   0.02616  0.005698   0.06719        34       640    0.6572    0.5946    0.6084    0.3903   0.03272   0.02585  0.004074
     46/99     11.5G   0.03549   0.02585  0.005707   0.06705        18       640    0.6697    0.5852    0.6085    0.3904   0.03266   0.02586  0.004073
     47/99     11.5G   0.03534   0.02609  0.005658   0.06709        30       640    0.6566    0.5934    0.6087    0.3908   0.03263   0.02584  0.004059
     48/99     11.5G   0.03522   0.02562  0.005663    0.0665         8       640    0.6532    0.5967    0.6091    0.3916   0.03259   0.02584  0.004047
     49/99     11.5G   0.03531   0.02622  0.005693   0.06723         6       640    0.6528    0.5965    0.6092    0.3912   0.03255   0.02585  0.004042
     50/99     11.5G    0.0351   0.02599  0.005597   0.06669        17       640    0.6421    0.6041    0.6102    0.3914   0.03252   0.02588  0.004049
     51/99     11.5G   0.03501     0.026  0.005584    0.0666        67       640    0.6555    0.5951    0.6109    0.3919   0.03247   0.02589  0.004048
     52/99     11.5G   0.03501   0.02596  0.005611   0.06658        69       640    0.6636    0.5908    0.6113    0.3916   0.03246   0.02591  0.004052
     53/99     11.5G     0.035   0.02568  0.005583   0.06625       119       640    0.6576    0.5944    0.6109     0.391   0.03243   0.02591  0.004044
     54/99     11.5G   0.03495   0.02592  0.005521   0.06639        58       640    0.6691    0.5891    0.6108    0.3917   0.03239   0.02592  0.004039
     55/99     11.5G   0.03475   0.02596  0.005453   0.06616       118       640    0.6737    0.5852     0.611     0.392   0.03237   0.02592  0.004037
     56/99     11.5G   0.03472   0.02603  0.005454   0.06621       152       640    0.6477    0.6027    0.6113    0.3923   0.03234   0.02593  0.004036
     57/99     11.5G   0.03461    0.0257  0.005402   0.06571        43       640    0.6677    0.5909    0.6115    0.3925   0.03231   0.02593  0.004027
     58/99     11.5G   0.03471   0.02581  0.005426   0.06594        25       640    0.6443    0.6067    0.6119     0.393   0.03227   0.02594  0.004021
     59/99     11.5G   0.03456   0.02581   0.00535   0.06572        77       640    0.6701    0.5891    0.6119    0.3929   0.03224   0.02595  0.004021
     60/99     11.5G   0.03439   0.02555  0.005345   0.06528        48       640    0.6608    0.5958    0.6123    0.3936   0.03221   0.02596  0.004016
     61/99     11.5G   0.03446    0.0255  0.005291   0.06526       199       640    0.6423    0.6104    0.6126    0.3935   0.03218   0.02597  0.004016
     62/99     11.5G   0.03429    0.0255  0.005242   0.06503        28       640    0.6822    0.5851    0.6134     0.394   0.03215   0.02597  0.004007
     63/99     11.5G   0.03427   0.02569  0.005227   0.06519        12       640     0.674    0.5908    0.6138    0.3952   0.03212   0.02597     0.004
     64/99     11.5G    0.0344   0.02573   0.00529   0.06543       102       640     0.672    0.5927    0.6139    0.3955    0.0321   0.02598  0.003994
     65/99     11.5G   0.03414   0.02548  0.005233   0.06486       210       640    0.6771    0.5909    0.6141     0.396   0.03207   0.02598   0.00399
     66/99     11.5G     0.034   0.02521   0.00517   0.06438        91       640    0.6713     0.594    0.6141    0.3968   0.03205   0.02599  0.003991
     67/99     12.2G   0.03405   0.02544  0.005109    0.0646        24       640    0.6739    0.5932    0.6145     0.397   0.03203   0.02601  0.003989
     68/99     12.2G   0.03401   0.02527  0.005172   0.06446        63       640    0.6749    0.5917    0.6144    0.3975   0.03201   0.02603  0.003989
     69/99     12.2G   0.03409   0.02547  0.005073   0.06462         5       640    0.6758    0.5911    0.6149     0.398   0.03199   0.02603   0.00399
     70/99     12.2G   0.03379   0.02531  0.004985   0.06408        14       640    0.6828    0.5874    0.6152    0.3983   0.03196   0.02604  0.003991
     71/99     12.2G   0.03369   0.02516  0.004948   0.06379        22       640    0.6792    0.5892    0.6158     0.399   0.03194   0.02605  0.003991
     72/99     12.2G   0.03372   0.02546  0.004997   0.06418       172       640    0.6872     0.585     0.616    0.3992   0.03192   0.02606  0.003992
     73/99     12.2G   0.03353   0.02524  0.004933    0.0637        35       640    0.6886    0.5848    0.6163    0.3995   0.03189   0.02608  0.003991
     74/99     12.2G   0.03342   0.02529  0.004911   0.06362        46       640    0.6879    0.5857    0.6164    0.3994   0.03187    0.0261  0.003988
     75/99     12.2G   0.03333   0.02503  0.004843   0.06321        13       640    0.6687    0.5972    0.6167    0.3996   0.03184   0.02611  0.003987
     76/99     12.2G   0.03323   0.02503  0.004847    0.0631        13       640    0.6746    0.5941    0.6168    0.3997   0.03181   0.02612  0.003986
     77/99     12.2G   0.03317   0.02536  0.004788   0.06332        37       640    0.6754     0.594    0.6172    0.4002   0.03178   0.02613  0.003987
     78/99     12.2G   0.03325   0.02464   0.00483   0.06272        36       640    0.6725    0.5958    0.6174    0.4005   0.03175   0.02614  0.003989
     79/99     12.2G   0.03309   0.02509  0.004776   0.06296        17       640    0.6759    0.5937    0.6177    0.4007   0.03172   0.02615  0.003989
     80/99     12.2G    0.0329    0.0252  0.004655   0.06276        36       640    0.6814    0.5905    0.6179    0.4011    0.0317   0.02619  0.003991
     81/99     12.2G   0.03304   0.02495  0.004716   0.06271       102       640    0.6816    0.5909    0.6183    0.4012   0.03167   0.02619  0.003992
     82/99     12.2G    0.0329   0.02509  0.004743   0.06274        32       640    0.6835      0.59    0.6186    0.4014   0.03165    0.0262  0.003992
     83/99     12.2G   0.03278   0.02512  0.004616   0.06251        12       640    0.6619    0.6047    0.6187    0.4016   0.03163   0.02622  0.003992
     84/99     12.2G   0.03269   0.02511  0.004594   0.06239        66       640    0.6659    0.6021    0.6187    0.4017    0.0316   0.02624  0.003991
     85/99     12.2G   0.03261   0.02478  0.004567   0.06196        22       640    0.6646    0.6033    0.6189    0.4018   0.03158   0.02625  0.003988
     86/99     12.2G   0.03266   0.02475  0.004579   0.06199        87       640    0.6686    0.6015    0.6191    0.4016   0.03156   0.02626  0.003987
     87/99     12.2G   0.03271   0.02498  0.004603   0.06229       118       640    0.6673     0.604    0.6197    0.4018   0.03154   0.02627  0.003986
     88/99     12.2G   0.03265   0.02504  0.004579   0.06226        44       640    0.6713    0.6017    0.6202    0.4016   0.03152   0.02629  0.003984
     89/99     12.2G   0.03246    0.0247  0.004534    0.0617        46       640     0.671     0.602    0.6205    0.4017    0.0315    0.0263  0.003982
     90/99     12.2G   0.03238   0.02477  0.004453    0.0616        10       640    0.6583    0.6103    0.6207    0.4022   0.03148   0.02632  0.003981
     91/99     12.2G   0.03239   0.02475  0.004481   0.06162        34       640    0.6684    0.6035    0.6209    0.4024   0.03145   0.02633   0.00398
     92/99     12.2G   0.03251   0.02473  0.004548   0.06179        29       640    0.6559    0.6121    0.6208    0.4027   0.03143   0.02634  0.003981
     93/99     12.2G   0.03235   0.02426  0.004475   0.06109        22       640    0.6649    0.6058    0.6209    0.4026   0.03141   0.02636  0.003979
     94/99     12.2G   0.03229   0.02512  0.004433   0.06184        48       640    0.6636    0.6073    0.6208    0.4033   0.03139   0.02638  0.003979
     95/99     12.2G   0.03221   0.02451  0.004413   0.06113        69       640    0.6646    0.6078    0.6209    0.4032   0.03137   0.02639  0.003978
     96/99     12.2G   0.03223   0.02474  0.004385   0.06136         6       640    0.6639    0.6087    0.6212    0.4034   0.03135   0.02641  0.003979
     97/99     12.2G   0.03219   0.02448  0.004362   0.06103         8       640    0.6616    0.6102    0.6216    0.4037   0.03133   0.02643  0.003979
     98/99     12.2G   0.03221   0.02471  0.004388   0.06131        79       640    0.6625    0.6099    0.6216    0.4036   0.03131   0.02643  0.003978
     99/99     12.2G   0.03208   0.02472  0.004348   0.06115        38       640    0.6629    0.6108    0.6217    0.4037   0.03129   0.02645  0.003979
      0/99     9.36G   0.03195   0.02474  0.004424   0.06111        17       640    0.6378    0.6127    0.6118    0.3963   0.03191   0.02637  0.004184
      1/99     11.6G   0.03292    0.0248  0.004624   0.06234        39       640    0.6609    0.5879    0.6028    0.3829   0.03256   0.02627  0.004217
      2/99     11.6G   0.03507   0.02575  0.005448   0.06627        69       640    0.6303    0.5415    0.5652    0.3422   0.03573   0.02592  0.004476
      3/99     11.6G   0.03742   0.02669  0.006364   0.07047        72       640    0.6233     0.539     0.555    0.3187   0.03673    0.0256  0.004502
      4/99     11.6G   0.03727   0.02643  0.006292   0.06999        50       640    0.6281    0.5465    0.5649    0.3386   0.03664   0.02597  0.004563
      5/99     11.6G   0.03702   0.02673  0.006223   0.06997        44       640    0.6052    0.5554    0.5628    0.3409   0.03672   0.02592  0.004507
      6/99     12.7G   0.03697   0.02677  0.006361   0.07011       145       640    0.6002    0.5738    0.5758    0.3531   0.03604    0.0256   0.00432
      7/99     12.7G   0.03691   0.02664  0.006159   0.06971        31       640    0.6354    0.5481    0.5703    0.3379   0.03639   0.02568  0.004217
      8/99     12.7G   0.03664   0.02631  0.006123   0.06907       162       640    0.5844    0.5813     0.574    0.3558   0.03641   0.02597  0.004291
      9/99     12.7G   0.03676   0.02662  0.006141   0.06952        49       640    0.6272    0.5601     0.572     0.346     0.036   0.02603  0.003952
     10/99     12.7G   0.03682   0.02637   0.00612    0.0693       101       640    0.6417    0.5566    0.5757    0.3495   0.03518   0.02574  0.004161
     11/99     12.7G    0.0366   0.02633  0.006093   0.06903       144       640    0.6314    0.5682    0.5797    0.3626   0.03531   0.02575  0.004061
     12/99     12.7G   0.03648   0.02641  0.006066   0.06896        61       640    0.6502    0.5593    0.5811    0.3621   0.03505   0.02565  0.004387
     13/99     12.7G   0.03683   0.02657  0.006194    0.0696       108       640    0.6201    0.5752    0.5747    0.3563   0.03492   0.02584  0.004455
     14/99     12.7G    0.0365   0.02615  0.006046    0.0687       131       640    0.6343     0.561    0.5776    0.3597   0.03509   0.02563  0.004409
     15/99     12.7G   0.03651   0.02669   0.00615   0.06934         3       640    0.6525     0.566    0.5812    0.3611   0.03544   0.02574  0.004285
     16/99     12.7G   0.03638   0.02629  0.006007   0.06867        12       640    0.6575    0.5628    0.5854    0.3629   0.03451   0.02567   0.00431
     17/99     12.7G   0.03643    0.0265  0.005955   0.06889        50       640    0.6361    0.5701    0.5867    0.3574   0.03499   0.02575  0.004171
     18/99     12.7G   0.03629   0.02613  0.005945   0.06837       136       640     0.638    0.5749    0.5885    0.3641   0.03462   0.02542   0.00424
     19/99     12.7G    0.0364   0.02645  0.006044    0.0689        18       640    0.6176     0.587    0.5869    0.3646    0.0345    0.0258  0.004016
     20/99     12.7G   0.03616   0.02599  0.005898   0.06805       122       640    0.6377    0.5823    0.5912    0.3688   0.03435   0.02596  0.004171
     21/99     12.7G   0.03623   0.02629  0.005924   0.06844        74       640    0.6377    0.5804    0.5937    0.3749   0.03402   0.02559  0.004142
     22/99     12.7G   0.03614   0.02586  0.005956   0.06796         4       640    0.6429    0.5844    0.5924    0.3741   0.03362    0.0256  0.003939
     23/99     12.7G   0.03589   0.02642  0.005818   0.06813         2       640    0.6401    0.5863     0.595    0.3746   0.03435   0.02587  0.004132
     24/99     12.7G   0.03613   0.02618  0.005816   0.06812       136       640    0.6526    0.5765    0.5935    0.3781   0.03378   0.02585  0.004048
     25/99     12.7G   0.03616   0.02633  0.005972   0.06846       170       640    0.6266    0.5942    0.5936    0.3764   0.03355   0.02576  0.004077
     26/99     12.7G    0.0359   0.02652  0.005823   0.06824       162       640    0.6605    0.5768    0.5962    0.3777    0.0335    0.0258  0.004086
     27/99     12.7G   0.03601    0.0263  0.005847   0.06815        42       640    0.6583    0.5812    0.5985    0.3784   0.03341   0.02587  0.004019
     28/99     12.7G   0.03595   0.02622  0.005828     0.068        92       640    0.6268    0.6047    0.6002    0.3817   0.03329   0.02585  0.004066
     29/99     12.7G   0.03575   0.02614  0.005679   0.06757        32       640    0.6417    0.5937    0.5991    0.3801   0.03285   0.02593  0.004096
     30/99     12.7G   0.03583    0.0261  0.005743   0.06768        23       640    0.6824    0.5679    0.5993    0.3806   0.03284   0.02596  0.004068
     31/99     12.7G   0.03575   0.02611  0.005618   0.06748       105       640    0.6409    0.5922    0.6029    0.3847    0.0328   0.02583  0.004139
     32/99     12.7G   0.03567   0.02639  0.005812   0.06788        30       640    0.6287    0.6019    0.6023    0.3832   0.03292   0.02579  0.004203
     33/99     12.7G   0.03568   0.02615  0.005794   0.06762       220       640    0.6347    0.6004    0.6037    0.3841   0.03278   0.02586  0.004075
     34/99     12.7G   0.03564   0.02611  0.005696   0.06744        86       640    0.6483     0.591    0.6062    0.3862   0.03266   0.02586  0.004004
     35/99     12.7G    0.0356   0.02592  0.005668   0.06719        75       640     0.619    0.6128    0.6048    0.3863   0.03266   0.02586   0.00407
     36/99     12.7G   0.03552   0.02569  0.005705   0.06692        52       640    0.6384    0.5965    0.6055    0.3889   0.03256   0.02586  0.004019
     37/99     12.7G   0.03562   0.02625  0.005799   0.06767         9       640    0.6601    0.5802    0.6047    0.3893   0.03243   0.02606  0.004043
     38/99     12.7G   0.03561   0.02609  0.005679   0.06738        37       640    0.6432    0.5968    0.6056    0.3892   0.03245   0.02602  0.004064
     39/99     12.7G   0.03519   0.02591   0.00553   0.06663         8       640    0.6463    0.5957    0.6056    0.3897   0.03237   0.02598  0.004072
     40/99     12.7G   0.03521   0.02585  0.005541    0.0666       218       640    0.6311    0.6056    0.6066    0.3899   0.03224   0.02593   0.00405
     41/99     12.7G    0.0352   0.02564  0.005529   0.06636        57       640    0.6319    0.6077    0.6084    0.3904   0.03216   0.02591  0.004033
     42/99     12.7G   0.03528   0.02583  0.005538   0.06664        29       640    0.6249    0.6129    0.6092    0.3916   0.03201    0.0259   0.00402
     43/99     12.7G   0.03524   0.02598  0.005612   0.06684        15       640    0.6422    0.6036    0.6096    0.3923     0.032   0.02592  0.004025
     44/99     12.7G   0.03504   0.02602  0.005491   0.06655        71       640    0.6464    0.6015    0.6095    0.3931   0.03191   0.02593  0.003997
     45/99     12.7G   0.03485   0.02569  0.005404   0.06595        75       640    0.6587    0.5941     0.611     0.394   0.03184   0.02598  0.003989
     46/99     12.7G   0.03504   0.02563   0.00539   0.06606        49       640    0.6393    0.6076    0.6107    0.3949   0.03183   0.02599  0.003987
     47/99     12.7G   0.03508   0.02591  0.005439   0.06643        32       640    0.6765    0.5853    0.6108    0.3953   0.03179   0.02602  0.003986
     48/99     12.7G   0.03475   0.02574  0.005355   0.06584         1       640    0.6646    0.5935    0.6111     0.396   0.03175   0.02603  0.003975
     49/99     12.7G   0.03476   0.02545  0.005352   0.06556        33       640    0.6566     0.598    0.6112    0.3956   0.03175   0.02603  0.003968
     50/99     12.7G   0.03476   0.02564  0.005269   0.06566        60       640    0.6603    0.5956     0.612    0.3958   0.03172   0.02604  0.003971
     51/99     12.7G    0.0347   0.02545  0.005294   0.06545        76       640    0.6613    0.5971    0.6132    0.3965    0.0317   0.02606  0.003976
     52/99     12.7G   0.03464   0.02563  0.005283   0.06555        48       640    0.6348    0.6184    0.6138    0.3977    0.0317   0.02607   0.00398
     53/99     12.7G   0.03446    0.0256  0.005256   0.06532       109       640    0.6498     0.608    0.6137    0.3978    0.0317   0.02608  0.003978
     54/99     12.7G   0.03429   0.02564  0.005155   0.06509        10       640    0.6546    0.6052    0.6142    0.3979    0.0317    0.0261   0.00398
     55/99     12.7G   0.03433   0.02554   0.00515   0.06501         2       640    0.6622    0.6001    0.6144    0.3983   0.03166   0.02612  0.003979
     56/99     12.7G   0.03434   0.02567  0.005136   0.06514        16       640    0.6599    0.6028    0.6147    0.3984   0.03163   0.02612  0.003972
     57/99     12.7G   0.03441   0.02542  0.005172     0.065        18       640    0.6581    0.6034    0.6153    0.3989   0.03158   0.02614  0.003972
     58/99     12.7G    0.0342   0.02544   0.00506    0.0647         8       640    0.6546    0.6058    0.6157    0.3994   0.03155   0.02617  0.003969
     59/99     12.7G   0.03407   0.02552  0.005103    0.0647        42       640    0.6563    0.6051    0.6156    0.3991   0.03152   0.02616  0.003971
     60/99     12.7G   0.03412   0.02558  0.005002    0.0647        92       640    0.6569    0.6052    0.6159    0.3996   0.03149   0.02618  0.003974
     61/99     12.7G   0.03384   0.02544  0.005006   0.06429         2       640    0.6615    0.6029    0.6164    0.3999   0.03146   0.02619   0.00397
     62/99     12.7G   0.03383   0.02542  0.004947   0.06419        61       640    0.6468    0.6134    0.6169    0.4002   0.03143    0.0262  0.003975
     63/99     12.7G   0.03388    0.0252  0.004966   0.06405        36       640    0.6668       0.6    0.6173    0.4003    0.0314   0.02622  0.003977
     64/99     12.7G   0.03366   0.02514  0.004881   0.06368        46       640    0.6672    0.6016    0.6174    0.4012   0.03138   0.02623  0.003979
     65/99     12.7G   0.03375   0.02538  0.004949   0.06408        71       640    0.6653    0.6028    0.6176    0.4015   0.03137   0.02622  0.003983
     66/99     12.7G   0.03359     0.025    0.0049   0.06349        17       640    0.6519     0.611    0.6178    0.4019   0.03134   0.02623  0.003983
     67/99     12.7G   0.03376   0.02465  0.004902   0.06332        12       640    0.6447    0.6173    0.6178    0.4018   0.03131   0.02625  0.003982
     68/99     12.7G    0.0334   0.02544  0.004813   0.06365        77       640    0.6676    0.6016    0.6181    0.4015   0.03129   0.02625  0.003984
     69/99     12.7G   0.03324   0.02536  0.004731   0.06333        35       640    0.6778    0.5953    0.6183     0.402   0.03126   0.02626  0.003985
     70/99     12.7G   0.03329   0.02502  0.004756   0.06306        37       640    0.6778    0.5959    0.6188    0.4022   0.03123   0.02627  0.003982
     71/99     12.7G   0.03331   0.02486  0.004651   0.06282        97       640    0.6814    0.5944    0.6193    0.4026    0.0312   0.02628  0.003981
     72/99     12.7G   0.03321    0.0252   0.00469    0.0631        15       640    0.6411    0.6234    0.6191    0.4029   0.03118    0.0263  0.003981
     73/99     12.7G   0.03303   0.02493  0.004627   0.06258        73       640    0.6425    0.6227    0.6193     0.403   0.03116   0.02632   0.00398
     74/99     12.7G   0.03316    0.0251  0.004667   0.06292        61       640    0.6502    0.6171    0.6196    0.4035   0.03114   0.02631   0.00398
     75/99     12.7G   0.03288   0.02483  0.004637   0.06235        21       640     0.648    0.6187    0.6201    0.4039   0.03113   0.02633  0.003981
     76/99     12.7G   0.03299   0.02492  0.004564   0.06248        16       640    0.6589    0.6118    0.6206     0.404   0.03111   0.02636  0.003982
     77/99     12.7G   0.03299   0.02451  0.004563   0.06206        21       640    0.6549    0.6153    0.6207    0.4042   0.03109   0.02637  0.003982
     78/99     12.7G   0.03274   0.02458  0.004496   0.06181        51       640    0.6562    0.6143    0.6207    0.4041   0.03106   0.02639   0.00398
     79/99     12.7G   0.03273   0.02492  0.004504   0.06215       121       640    0.6492    0.6203    0.6211    0.4041   0.03104   0.02641  0.003979
     80/99     12.7G    0.0327   0.02466  0.004472   0.06183        14       640    0.6503     0.621    0.6212    0.4043   0.03102   0.02642  0.003981
     81/99     12.7G   0.03239    0.0246  0.004448   0.06144        20       640     0.648    0.6225    0.6213    0.4045     0.031   0.02644  0.003983
     82/99     12.7G   0.03248   0.02484  0.004427   0.06175        71       640    0.6512    0.6201    0.6216    0.4048   0.03099   0.02644  0.003985
     83/99     12.7G   0.03249    0.0246  0.004356   0.06145        44       640    0.6495     0.622    0.6219     0.405   0.03097   0.02647  0.003985
     84/99     12.7G   0.03235   0.02455  0.004305    0.0612        75       640    0.6489    0.6228    0.6222    0.4057   0.03094   0.02648  0.003988
     85/99     12.7G   0.03233   0.02448  0.004313   0.06112        32       640    0.6562    0.6177    0.6225    0.4059   0.03092    0.0265  0.003988
     86/99     12.7G   0.03226   0.02442  0.004372   0.06105        66       640    0.6566    0.6175    0.6226    0.4065   0.03089   0.02652  0.003989
     87/99     12.7G   0.03222    0.0244  0.004311   0.06094        42       640    0.6577    0.6173    0.6227    0.4065   0.03086   0.02653  0.003988
     88/99     12.7G   0.03209   0.02461  0.004265   0.06096        24       640    0.6571    0.6187    0.6228    0.4068   0.03084   0.02655  0.003988
     89/99     12.7G   0.03201   0.02447  0.004191   0.06067        31       640    0.6572     0.619     0.623     0.407   0.03081   0.02657  0.003989
     90/99     12.7G   0.03201    0.0244  0.004215   0.06063        47       640    0.6568    0.6192    0.6231    0.4069   0.03078   0.02659  0.003989
     91/99     12.7G   0.03188   0.02421  0.004193   0.06028        19       640    0.6577    0.6186    0.6233     0.407   0.03075   0.02661   0.00399
     92/99     12.7G   0.03183   0.02393  0.004142    0.0599        25       640    0.6588     0.618    0.6232    0.4073   0.03072   0.02663  0.003991
     93/99     12.7G   0.03188   0.02391  0.004167   0.05995        47       640    0.6538    0.6227    0.6233    0.4075   0.03069   0.02664  0.003992
     94/99     12.7G   0.03172   0.02427  0.004114    0.0601        60       640    0.6573    0.6206    0.6233    0.4077   0.03067   0.02666  0.003994
     95/99     12.7G   0.03181    0.0245  0.004156   0.06046        16       640    0.6538    0.6234    0.6239     0.408   0.03064   0.02667  0.003995
     96/99     12.7G   0.03181   0.02412  0.004145   0.06007       223       640    0.6602    0.6187     0.624    0.4082   0.03062    0.0267  0.003995
     97/99     12.7G   0.03163   0.02377  0.004071   0.05946        58       640    0.6599    0.6198    0.6241    0.4083   0.03059   0.02672  0.003996
     98/99     12.7G   0.03167   0.02424  0.004058   0.05996        10       640    0.6659    0.6159    0.6243    0.4083   0.03056   0.02672  0.003998
     99/99     12.7G   0.03152   0.02433  0.004054    0.0599        66       640    0.6628    0.6185    0.6242    0.4085   0.03054   0.02675  0.003999
