10 0.1192384765625 0.22727925 0.135816028125 0.1875834421875 0.140800540625 0.1564816234375 0.12837455625 0.1521797453125 0.10887950625000001 0.2068721734375 0.10463930625 0.2286861125 0.107650609375 0.23776075625 0.11328389531250001 0.237440871875 0.1192384765625 0.22727925
10 0.22559884062500002 0.1814540484375 0.2270829359375 0.173253221875 0.2447879265625 0.11821283906249999 0.22109728125 0.11455109999999999 0.2069067625 0.166501603125 0.19962711875 0.1834800796875 0.2026102796875 0.19679390624999998 0.2156156140625 0.19460560625 0.22559884062500002 0.1814540484375
10 0.1738150734375 0.47181540312500003 0.20614299374999998 0.41254300937500005 0.1734914671875 0.4222315515625 0.1547428890625 0.44499836875 0.1521332484375 0.46052646093750005 0.14821434375 0.47249866249999994 0.1504024671875 0.489902603125 0.16193405156250001 0.4878994625 0.1738150734375 0.47181540312500003
10 0.0463779234375 0.1720849484375 0.0437277984375 0.185718659375 0.050308568750000004 0.196902021875 0.05930259375 0.1915758625 0.065257175 0.181414240625 0.06076836249999999 0.1635630921875 0.0463779234375 0.1720849484375
10 0.0713289796875 0.0764781578125 0.066586896875 0.09677965468750001 0.06859443125 0.10282941718750001 0.07782532812500001 0.10037906875 0.08280428281249999 0.08295338437500001 0.078761071875 0.075093040625 0.0713289796875 0.0764781578125
10 0.96640625 0.34609375 0.0359375 0.053125
10 0.51015625 0.05546875 0.0609375 0.1109375
10 0.73125 0.175 0.0234375 0.0375
10 0.55234375 0.50703125 0.0265625 0.0484375
10 0.53984375 0.178125 0.0265625 0.0421875
10 0.5359375 0.9765625 0.053125 0.046875