10 0.2125 0.278125 0.028125 0.0484375
10 0.390625 0.471875 0.0375 0.05625
10 0.4765625 0.44453125 0.0265625 0.0484375
10 0.93359375 0.30703125 0.0328125 0.0515625
10 0.66640625 0.2125 0.021875 0.0359375
10 0.38342419687499996 0.8914685234374999 0.38692370625 0.8485928203124999 0.38205326875 0.817472934375 0.368906103125 0.8172214437499999 0.3672660984375 0.8752613390625001 0.36997430625 0.8973179203124999 0.37564244375 0.9050178765624999 0.3809011671875 0.902972865625 0.38342419687499996 0.8914685234374999
10 0.4681542375 0.8264915343749999 0.46703150156250006 0.8182334734375001 0.466861534375 0.7604158156249999 0.439915365625 0.716147534375 0.4457564546875 0.8180470828124999 0.444079740625 0.8364441078125001 0.45103109375 0.8481844609374999 0.46272367968749994 0.8420843937499999 0.4681542375 0.8264915343749999
10 0.2937388796875 0.7574177390625 0.295431509375 0.7712031015624999 0.30514604375 0.7798055421875001 0.3120539953125 0.7719607546875 0.314577025 0.7604564125 0.30479160156249996 0.7448660796875 0.2937388796875 0.7574177390625
10 0.30815967187500004 1 0.307674528125 0.9926580406250001 0.3026125546875 0.9834843390625 0.2914180546875 0.9820602125000001 0.281746921875 0.9930429109375 0.27932226718750003 0.9989378999999999 0.2795291421875 1 0.30815967187500004 1
10 0.9578125 0.86015625 0.0359375 0.0484375
10 0.87890625 0.63515625 0.015625 0.0296875
10 0.51484375 0.62265625 0.0296875 0.0546875
10 0.6796875 0.66015625 0.0265625 0.0421875