10 0.521875 0.15 0.05 0.078125
10 0.2484375 0.01171875 0.034375 0.0234375
10 0.1875 0.1484375 0.025 0.0359375
10 0.51484375 0.75 0.04375 0.0828125
10 0.43042623124999996 0.5534090078125 0.4453314953125 0.5479601781250001 0.4469619515625 0.5392107968750001 0.4397266109375 0.498177140625 0.43471966249999994 0.4877774828125 0.42711754687500003 0.480656053125 0.42019311718749996 0.48187701718750003 0.4147616015625 0.487065684375 0.412557096875 0.5015575453125 0.418781878125 0.541359075 0.43042623124999996 0.5534090078125
10 0.30074060625 0.371310340625 0.29212793125 0.3629567859375 0.28857999375 0.38332678906249995 0.2924388421875 0.40521140624999996 0.298502196875 0.4126041609375 0.3036466859375 0.41028673437499996 0.3055641671875 0.3986661125 0.30074060625 0.371310340625
10 0.268539521875 0.25617129843750003 0.2644394953125 0.23291889375000002 0.2530821671875 0.2179977203125 0.2476965 0.2189473578125 0.24318385 0.2338462078125 0.242472259375 0.25230577187500003 0.2500285296875 0.26366623125 0.26253395625 0.2671024453125 0.268539521875 0.25617129843750003
10 0.045329246875 0.39848226875 0.041057775000000005 0.41474890625 0.054814940624999996 0.42078503593749994 0.0582253359375 0.41313211562499996 0.055572378125 0.39808644375 0.0517713203125 0.394525728125 0.045329246875 0.39848226875
10 0.286563915625 0.6013408515625 0.2816028140625 0.5867021671874999 0.2750112578125 0.5808128609375001 0.2672716 0.5864085171875 0.26227659375 0.5985717890625 0.262908434375 0.6111532109375 0.2711882375 0.6266170359375 0.2812360390625 0.6206143921875 0.286563915625 0.6013408515625
10 0.21215390625000002 0.7282267328125 0.213072771875 0.7379369171875 0.21759736406250002 0.745600996875 0.2301486390625 0.7447981828125 0.23518949218750002 0.7283958828125 0.22532507812499997 0.7174424125 0.21215390625000002 0.7282267328125
10 0.3834200109375 0.8761976593749999 0.374554215625 0.8439133859375 0.359441675 0.82119246875 0.3566053296875 0.8231029078125001 0.3533105140625 0.8674036296875001 0.354907065625 0.8854562062500001 0.3720407234375 0.910641375 0.381456684375 0.892057309375 0.3834200109375 0.8761976593749999
10 0.2169247171875 0.9577369171874999 0.223665759375 0.9734720671874999 0.2295337828125 0.97525800625 0.2318877734375 0.9706119890625 0.2310606015625 0.9524237515625 0.22677718750000003 0.9461274578125 0.2169247171875 0.9577369171874999
10 0.65 1 0.65 0.9504794828125 0.6465163546875 0.9510937437500001 0.6405107906249999 0.962024890625 0.6405685812499999 0.9803487921875 0.6429803609375 0.9940266781249999 0.6464124484375 1 0.65 1