10 0.34921875 0.21640625 0.04375 0.0828125
10 0.47578125 0.03828125 0.0359375 0.0609375
10 0.225 0.3421875 0.03125 0.0453125
10 0.75546875 0.23671875 0.04375 0.0828125
10 0.88203125 0.05859375 0.0359375 0.0609375
10 0.63125 0.3625 0.03125 0.0453125
10 10 0.9279674390625001 0.001607334375 0.9338196796875 0.0062416328125 0.9378379546875 0.0203003078125 0.9298919140624999 0.024418378125 0.9166045859375 0.0110235578125 0.908970659375 0.002607190625 0.916892078125 10 0.9273489500000001 10 0.9279674390625001
10 0.5386993437500001 0.8711318453124999 0.5424895609375 0.872076853125 0.556462196875 0.8612465437499999 0.56083023125 0.8437273171874999 0.5618300890625 0.8267997140624999 0.553569496875 0.8147202640625 0.537752921875 0.8394049046875001 0.53254080625 0.8538508640625 0.5386993437500001 0.8711318453124999
10 0.744383640625 0.7921565890625 0.7497678328124999 0.7834791640625001 0.751525734375 0.7667405640625 0.7392249609375 0.75794800625 0.7282844984375 0.769534321875 0.7267765625 0.7820410203125 0.7296448109375 0.78991319375 0.744383640625 0.7921565890625
10 0.7654132484374999 0.4882157703125 0.75395655625 0.48249647968750004 0.7389759124999999 0.4973696890625 0.7393200656250001 0.5089067578125 0.7481666234375 0.5154066765625 0.7637413859375 0.5078386390625 0.7654132484374999 0.4882157703125
10 0.8990326718749999 0.84359759375 0.910747478125 0.857969684375 0.9194138093750001 0.8458163656250001 0.9299159281249999 0.8069240125 0.9264535625000001 0.7917466703125 0.9157549156249999 0.78621638125 0.9055724968749999 0.7979916968749999 0.8952343031249999 0.8297678828125001 0.8990326718749999 0.84359759375