10 0.5671875 0.2640625 0.0359375 0.0796875
10 0.5232785453125001 10 0.5204577609375 0.039244390625 0.5290930234375 0.0536048953125 0.5448419890625 0.0516486734375 0.5483988390625 0.0434903109375 0.550579503125 0.001880746875 0.5501553609375 10 0.5232785453125001 0
10 0.3781355734375 0.06794626875000001 0.37659461250000004 0.052566767187499995 0.37149679999999996 0.045345626562500005 0.3626967609375 0.049056821875 0.3550936375 0.05978471875 0.3528790796875 0.0721858125 0.35746806875 0.0891158515625 0.36860864531250004 0.08552731875 0.3781355734375 0.06794626875000001
10 0.27708957343749996 0.1748414640625 0.27580057343750003 0.18450947499999998 0.2784851578125 0.19299493750000002 0.29089533749999996 0.19503612343750001 0.29949670781250004 0.18018815625 0.29234911406249997 0.1672964125 0.27708957343749996 0.1748414640625
10 0.4106799234375 0.3575463953125 0.40930373906249995 0.32409519531250003 0.3996896265625 0.2985570328125 0.3964962203125 0.2997804671875 0.38332035625 0.34220459375 0.38081504375 0.360153628125 0.3918441359375 0.3885475375 0.4051992703125 0.3725579109375 0.4106799234375 0.3575463953125
10 0.23010955156250001 0.399542515625 0.2331381828125 0.4163907796875 0.23845405937500003 0.4194509625 0.24179284375 0.41545355624999997 0.2450783359375 0.3975454078125 0.2423210625 0.3904469296875 0.23010955156250001 0.399542515625
10 0.8224222609374999 0.0152978953125 0.8305681 0.0240695703125 0.83724566875 0.0160747578125 0.8376818015625 0.00775284375 0.8294632734375 0.0003681546875 0.8224222609374999 0.0152978953125
10 0.985896475 0.030819190625 0.9784581265625001 0.023475389062499998 0.9710730671875 0.030042328125 0.9707823125000001 0.0355902703125 0.9767329921875 0.0414653109375 0.9838272953124999 0.0404463125 0.985896475 0.030819190625
10 0.1992588453125 0.7318963500000001 0.2111069140625 0.729735690625 0.2201444171875 0.7065658125000001 0.219184965625 0.680090425 0.21189199531249997 0.6699726531250001 0.198628946875 0.6692775656250001 0.19109851093750002 0.6786184765625001 0.188084375 0.7062764109375 0.1899160921875 0.716107971875 0.1992588453125 0.7318963500000001
10 0.092598609375 0.4796875 0.0860693203125 0.4899927984375 0.08115078125 0.50920615625 0.07964371249999999 0.523035125 0.093885609375 0.5349078703125001 0.10702267812499999 0.5230792 0.109818746875 0.499582221875 0.10359670937500001 0.4839573953125 0.098422225 0.4796875 0.092598609375 0.4796875
10 0.8784218109375 0.5809736015625 0.8461243062499999 0.6001428843750001 0.8427273281250001 0.6500334734375001 0.8584374968749999 0.6786727078125 0.8724080359374999 0.6807956671875 0.88206094375 0.6757383765625 0.90428880625 0.6546505687499999 0.8972914921875 0.5791809296875 0.8938994171875001 0.56926759375 0.8885835406249999 0.5662074109375 0.8784218109375 0.5809736015625