10 0.61328125 0.0265625 0.0390625 0.053125
10 0.725 0.23046875 0.0421875 0.084375
10 0.9671875 0.12734375 0.0625 0.134375
10 0.098461234375 0.5165344171874999 0.099645034375 0.5040660984375 0.09400397031249999 0.4947354328125 0.0876136484375 0.4951295078125 0.07815917343749999 0.5048816781250001 0.075214840625 0.5184773578125 0.0784211875 0.5232037968750001 0.08977839062500001 0.5264088015625 0.098461234375 0.5165344171874999
10 10 0.8198193578125 0.0046035671875 0.8194703765625 0.016013473437500002 0.7973721015624999 0.0178267109375 0.7709414609375 0.0116312859375 0.7601167906249999 10 0.7582745765625 10 0.8198193578125
10 0.809375 0.98203125 0.021875 0.0359375
10 0.640625 0.93359375 0.03125 0.065625
10 0.459375 0.9875 0.03125 0.025
10 0.6328125 0.690625 0.0296875 0.0796875
10 0.4578125 0.7234375 0.025 0.053125
10 0.5453125 0.528125 0.025 0.0625