10 0.125 0.36484375 0.0375 0.08125
10 0.171875 0.15234375 0.03125 0.059375
10 0.134375 0.0171875 0.028125 0.034375
10 0.3133757078125 0.1167463 0.315712975 0.106532703125 0.3139748140625 0.0955583875 0.2968040234375 0.08702836093750001 0.2894998765625 0.1008410390625 0.2893576828125 0.11492557656249999 0.30168141406250004 0.1228170984375 0.3133757078125 0.1167463
10 0.32890625 0.2640625 0.028125 0.0703125
10 0.0625 0.05 0.021875 0.0625
10 0.128125 0.6640625 0.0234375 0.05
10 0.05546875 0.79765625 0.015625 0.028125
10 0.003125 0.44140625 0.00625 0.0234375
10 0.7140625 0.73828125 0.0375 0.08125
10 0.7609375 0.52578125 0.03125 0.059375
10 0.64921875 0.903125 0.0265625 0.04375
10 0.9024382078125001 0.49018379999999995 0.9047754749999999 0.479970203125 0.9030373140624999 0.46899588750000004 0.8858665234374999 0.46046586093749997 0.8785623765625001 0.47427853906250006 0.8784201828124999 0.4883630765625 0.8907439140625 0.49625459843749997 0.9024382078125001 0.49018379999999995