10 0.12265625 0.253125 0.0375 0.04375
10 0.0359375 0.45078125 0.0390625 0.05
10 0.32578125 0.0515625 0.0328125 0.053125
10 0.4625 0.3828125 0.04375 0.0421875
10 0.509375 0.0078125 0.034375 0.015625
10 0.13671875 0.6203125 0.0375 0.04375
10 0.07578125 0.83359375 0.0390625 0.05
10 0.5109375 0.70703125 0.0390625 0.0640625
10 0.94765625 0.68359375 0.0390625 0.084375
10 0.8125 0.65546875 0.0296875 0.0421875
10 0.88515625 0.75234375 0.03125 0.05
10 0.83359375 0.71328125 0.0296875 0.040625
10 0.70625 0.85390625 0.0265625 0.0328125