10 0.325 0.17265625 0.1484375 0.221875
10 0.42890625 0.2 0.0125 0.0359375
10 0.4703125 0.471875 0.021875 0.034375
10 0.334375 0.38671875 0.0203125 0.025
10 0.1 0.884375 0.03125 0.0578125
10 0.38359375 0.92890625 0.03125 0.0640625
10 0.5421875 0.77890625 0.015625 0.0265625
10 0.4765625 0.92109375 0.0203125 0.04375
10 0.9546875 0.85546875 0.0328125 0.084375
10 0.6484375 0.77421875 0.01875 0.04375
10 0.9515625 0.5515625 0.0203125 0.090625
10 0.71953125 0.94375 0.025 0.075
10 0.86171875 0.61015625 0.0234375 0.08125