10 0.44375 0.328125 0.028125 0.065625
10 0.28828125 0.44609375 0.028125 0.0609375
10 0.37421875 0.09609375 0.0265625 0.078125
10 0.21328125 0.17265625 0.021875 0.0515625
10 0.15390625 0.30234375 0.01875 0.028125
10 0.7785612265624999 0.332761678125 0.784537709375 0.32235775 0.7818734203125001 0.30448276875 0.77167870625 0.2971750390625 0.7580777 0.3097768765625 0.7571985734375 0.3238346703125 0.7639439703124999 0.335694553125 0.7785612265624999 0.332761678125
10 0.912447440625 0.3061208171875 0.92361538125 0.3077400984375 0.93391225 0.301071696875 0.93372405 0.28433300625 0.9297450984375001 0.276371975 0.9115844265625 0.2754876609375 0.9079899328125001 0.2786585359375 0.9061886578125 0.2914167109375 0.912447440625 0.3061208171875
10 0.328125 0.71640625 0.021875 0.0359375
10 0.125 0.5453125 0.0171875 0.0421875
10 0.1359375 0.6953125 0.01875 0.0453125
10 0.115625 0.83984375 0.0171875 0.0234375
10 0.0140625 0.703125 0.01875 0.0359375
10 0.6469710546874999 0.7203954796875001 0.6517780531249999 0.7212867828125 0.661152775 0.7133187640624999 0.6651908609375 0.69194625625 0.6575233140625001 0.6787867546874999 0.6428119578125 0.6733502828125 0.63853459375 0.684972165625 0.6399353 0.7057730359375001 0.6469710546874999 0.7203954796875001
10 0.8009885625 0.6162256125 0.8168183234375 0.6173549171875 0.8199772828124999 0.6100402015624999 0.8158612078124999 0.5783524140624999 0.8101831374999999 0.5691734281249999 0.799937346875 0.5688537640625 0.794541578125 0.584782815625 0.7953104921875 0.6070466265625 0.8009885625 0.6162256125
10 0.7755502859375 0.867483275 0.7735527546875 0.8858482343749999 0.7750045375 0.8996610390625 0.7800508171875 0.9103029671874999 0.7908773218749999 0.916147753125 0.79942399375 0.9152494624999999 0.80433315 0.9021646359375 0.79643438125 0.8569090328125 0.7918747171875 0.8434228796875001 0.7878446875 0.8424499140625 0.7755502859375 0.867483275