10 0.384375 0.0828125 0.0328125 0.0390625
10 0.259375 0.26640625 0.03125 0.0453125
10 0.75625 0.3203125 0.025 0.059375
10 0.678125 0.17421875 0.0140625 0.0375
10 0.6171875 0.2078125 0.0234375 0.0328125
10 0.659375 0.065625 0.0484375 0.1078125
10 0.47734375 0.7625 0.034375 0.0484375
10 0.49375 0.48515625 0.03125 0.0578125
10 0.33515625 0.40859375 0.028125 0.05625
10 0.7265625 0.79375 0.021875 0.059375
10 0.53359375 0.91953125 0.025 0.08125
10 0.6640625 0.62265625 0.028125 0.0421875
10 0.6875 0.503125 0.1015625 0.15625