10 0.12890625 0.328125 0.025 0.0765625
10 0.0546875 0.35703125 0.03125 0.0234375
10 0.01015625 0.32578125 0.0203125 0.0546875
10 0.00625 0.25234375 0.0125 0.0453125
10 0.27578125 0.08984375 0.0203125 0.053125
10 0.695715296875 10 0.69218231875 0.015666051562499998 0.6931466703125 0.048994589062499996 0.7078440984375 0.060741484375 0.7449486593750001 0.0671416859375 0.757068084375 0.059552559375 0.7625099421874999 0.04396861875 0.758914296875 0.0052148 0.7529403734375 10 0.695715296875 0
10 0.55898039375 0.3258401609375 0.5540085625 0.32053754375 0.5389864875 0.3324511765625 0.5390058843750001 0.3477489046875 0.5449032734375 0.3557846046875 0.556387896875 0.3510103359375 0.5611222640625 0.33685426875 0.55898039375 0.3258401609375
10 0.8187863359375 0.173144815625 0.8202401125 0.20088452499999998 0.82933090625 0.21014366093749998 0.8335031609375001 0.2001894375 0.8310511390624999 0.1683296609375 0.8250810625 0.158906975 0.8187863359375 0.173144815625
10 0.2265625 0.65 0.0328125 0.0390625
10 0.48359375 0.98671875 0.0234375 0.0265625
10 0.46328125 0.72109375 0.0203125 0.0703125
10 0.78515625 0.75390625 0.034375 0.0546875
10 0.56328125 0.51796875 0.021875 0.046875
10 0.64140625 0.8203125 0.021875 0.0515625