10 0.2234375 0.36796875 0.028125 0.03125
10 0.5568734390625 0.27404061875 0.5498689453125001 0.2734278046875 0.5365691640625 0.2820235859375 0.5339231625 0.29433983750000003 0.544749971875 0.3050464203125 0.5553517734375 0.3003971796875 0.5617161312500001 0.2814352703125 0.5568734390625 0.27404061875
10 0.50078125 0.99453125 0.0296875 0.0109375
10 0.34453125 0.9953125 0.0171875 0.009375
10 0.346875 0.69140625 0.0234375 0.0359375
10 0.15859375 0.87890625 0.03125 0.0453125
10 0.209375 0.59609375 0.0203125 0.03125
10 0.49765625 0.46328125 0.021875 0.0328125
10 0.05078125 0.78828125 0.0203125 0.0296875
10 0.1578125 0.45625 0.05 0.034375
10 0.64375 0.80703125 0.0296875 0.0421875
10 0.6140625 0.9796875 0.025 0.040625
10 0.87734375 0.99375 0.0171875 0.0125
10 0.5515625 0.6734375 0.0265625 0.03125