10 0.1265625 0.0703125 0.025 0.0375
10 0.01640625 0.15 0.0140625 0.025
10 0.65 0.00390625 0.01875 0.0078125
10 0.44375 0.89921875 0.046875 0.0921875
10 0.615625 0.9515625 0.028125 0.05625
10 0.43984375 0.6734375 0.0390625 0.078125
10 0.26875 0.67578125 0.0484375 0.0796875
10 0.3578125 0.49609375 0.0265625 0.0640625
10 0.12265625 0.4296875 0.0234375 0.021875
10 0.26171875 0.9671875 0.0421875 0.065625
10 0.1734375 0.79453125 0.028125 0.0390625
10 0.09921875 0.98984375 0.0234375 0.0203125
10 0.8003371015624999 1 0.7981374453125 0.9953067953125 0.787653134375 0.9962787578124999 0.7847250953125 0.9858902624999999 0.779235790625 0.9990254984375 0.7781913265625 0.973455665625 0.7711752031250001 0.9637566453125 0.7610118234375001 0.99440180625 0.7572033296875 1 0.8003371015624999 1
10 0.6296875 0.717670359375 0.6425596812500001 0.7367840937500001 0.6513676875 0.722823721875 0.664642496875 0.71952316875 0.67426573125 0.7099374875000001 0.6824079937499999 0.681756578125 0.679583590625 0.657283209375 0.6588680921875 0.6352964171875 0.6527130453125001 0.6342111156250001 0.636876971875 0.6610353984375 0.6296875 0.6886475578125 0.6296875 0.717670359375