10 0.47890625 0.0203125 0.015625 0.021875
10 0.596875 0.0359375 0.0109375 0.025
10 0.3203125 0.4390625 0.0265625 0.0796875
10 0.396875 0.234375 0.025 0.05625
10 0.38046875 0.79765625 0.0171875 0.06875
10 0.23359375 0.59296875 0.021875 0.0421875
10 0.5769434390625 0.8713612765625001 0.5677637828125001 0.8826343125000001 0.5648331734375 0.89379826875 0.5630902984375 0.9730074156249999 0.5758307890625 0.9866760343750001 0.593015671875 0.9863760718750001 0.604466003125 0.9708961015625001 0.605737390625 0.954204703125 0.5965389640625001 0.9196377515624998 0.5934683875 0.878018334375 0.5878792734375 0.8711703906250001 0.5769434390625 0.8713612765625001
10 0.6953125 0.56640625 0.0265625 0.0796875
10 0.68671875 0.265625 0.0203125 0.090625
10 0.89765625 0.89375 0.0328125 0.071875
10 0.453125 0.6875 0.021875 0.0421875
10 0.5422677359375 0.362166675 0.546003715625 0.3523777609375 0.5458098 0.3412683421875 0.5299932640625 0.3304316171875 0.520837846875 0.34309332968749995 0.5187368484375 0.3570210078125 0.5298423578125 0.3665508625 0.5422677359375 0.362166675
10 0.60234375 0.34375 0.01875 0.0859375