10 0.115625 0.0640625 0.040625 0.0875
10 0.2703125 0.40703125 0.0421875 0.0671875
10 0.875 0.1125 0.034375 0.040625
10 0.73515625 0.24609375 0.0296875 0.040625
10 0.11153506875000001 0.5664387796875 0.12458982031250002 0.5254491984375 0.12684466249999998 0.49403129999999995 0.11409103125 0.49082878750000003 0.099436925 0.547012203125 0.0971140703125 0.5691126890625 0.1009048203125 0.5778903484375 0.10648879062500001 0.577080709375 0.11153506875000001 0.5664387796875
10 0.2004248015625 0.45 0.19813174218750002 0.4847654046875 0.192359571875 0.502313734375 0.1964917578125 0.5153168984375001 0.20925688125000003 0.5120034375 0.218055884375 0.4980318296875 0.2188195828125 0.4897328609375 0.2181125125 0.45 0.2004248015625 0.45
10 0.192453328125 0.78535555 0.2014629109375 0.72066515 0.1776112859375 0.7283995296875 0.1711164609375 0.7603028125 0.16987011406250002 0.7759992609374999 0.16700956718749999 0.788267459375 0.17070621875 0.805414465625 0.1820193359375 0.8024139031249999 0.192453328125 0.78535555
10 0.7671875 0.53359375 0.025 0.0546875
10 0.7390625 0.6890625 0.0328125 0.0375
10 0.9875 0.7328125 0.015625 0.0296875
10 0.63359375 0.86015625 0.040625 0.053125
10 0.88046875 0.86953125 0.028125 0.0453125