10 0.279889696875 0.1355919625 0.2847323890625 0.1281973109375 0.284957396875 0.1128414890625 0.2773476546875 0.106536284375 0.27369836875 0.10964394531249999 0.270153040625 0.096012178125 0.26512022968750004 0.092269909375 0.264411021875 0.102091315625 0.2605196359375 0.10243176875 0.2574585078125 0.09433441718749999 0.2495027078125 0.10200142968749999 0.25071320468749997 0.11583746718750002 0.254241440625 0.11134620625 0.2588591234375 0.119307375 0.2644281140625 0.12021434687500002 0.2621103734375 0.13854164687499998 0.267973440625 0.1338461125 0.279889696875 0.1355919625
10 0.4774151921875 0.053569260937499995 0.4754783984375 0.0314316 0.46672722968749997 0.021043675 0.45475899374999995 0.0276675375 0.4505215515625 0.041980207812499996 0.4509537703125 0.055884335937499995 0.45647078125 0.06516101875 0.4690442640625 0.0654551765625 0.4774151921875 0.053569260937499995
10 0.605914959375 0.258427090625 0.6045143421875 0.2334541328125 0.5925119249999999 0.2038319375 0.5826884015625 0.19911460625 0.5739194359375 0.233342453125 0.5747148046875 0.2513973921875 0.5829297953125 0.264620615625 0.5980802093750001 0.267477709375 0.605914959375 0.258427090625
10 0.41875 0.568143459375 0.4130304015625 0.5749598109375 0.4160395515625 0.591426875 0.41875 0.5921966375000001 0.41875 0.568143459375
10 0.3866879109375 0.7668748953125 0.3781268640625 0.7676238890625 0.37490979687500003 0.784635675 0.375463065625 0.7999234078125 0.3820004515625 0.8118992078125 0.3930693609375 0.8039598343750001 0.3926891203125 0.7816859921875 0.3866879109375 0.7668748953125
10 0.73828125 0.51796875 0.034375 0.084375
10 0.665625 0.6953125 0.0359375 0.053125
10 0.82265625 0.86640625 0.0359375 0.0828125
10 0.95078125 0.44921875 0.03125 0.0546875
10 0.79921875 0.31328125 0.0265625 0.06875
10 0.93203125 0.2890625 0.0328125 0.040625
10 0.62109375 0.3484375 0.025 0.05625