10 0.1828056828125 0.301842415625 0.1796536734375 0.28972114531250004 0.1711615328125 0.28288254375 0.165291375 0.285438471875 0.1597425125 0.2978361359375 0.161625740625 0.311618915625 0.16625525937500002 0.3149636828125 0.178023715625 0.3140910109375 0.1828056828125 0.301842415625
10 0.041315301562500004 0.40464864531250005 0.0314980984375 0.39099319062500004 0.02097028125 0.38596516875 0.01595144375 0.40108957500000003 0.015827137499999998 0.4209221171875 0.0177103671875 0.434704896875 0.0344014953125 0.4427795453125 0.044286721875000004 0.42812409218749997 0.041315301562500004 0.40464864531250005
10 0.6519260171875001 0.23914038437500001 0.645650140625 0.21913702656249998 0.637659884375 0.210785984375 0.6304928046875 0.21076424062500002 0.6249158015624999 0.2189227203125 0.627622209375 0.241034796875 0.6348455703125 0.24953490781249998 0.6456102593749999 0.25168711718750003 0.6519260171875001 0.23914038437500001
10 0.43687355781250004 0.2186874390625 0.436315390625 0.2117215125 0.42520126718749995 0.195488384375 0.41189901874999996 0.1966591953125 0.4106583796875 0.2025598890625 0.41309977499999995 0.22330859374999998 0.41825931718750003 0.22938010156250002 0.42849398125000004 0.22880556875 0.43687355781250004 0.2186874390625
10 0.4147742515625 0.0645160671875 0.4123891390625 0.0522457265625 0.404900765625 0.0423822453125 0.3995324921875 0.04342573125 0.3937186171875 0.054460023437500005 0.3968987671875 0.070820478125 0.4053909078125 0.077659078125 0.41202796093750005 0.0749540828125 0.4147742515625 0.0645160671875
10 0.47636029375 10 0.477456725 0.0056406468750000004 0.485683853125 0.011115875 0.5017605328125 0.003746234375 0.5025999328124999 10 0.47636029375 0
10 0.407652896875 0.36223997343750003 0.4085042171875 0.374808453125 0.4141937859375 0.3836067046875 0.4203289578125 0.382414146875 0.4284153796875 0.3666934625 0.4152937203125 0.356510096875 0.407652896875 0.36223997343750003
10 0.1999906625 1 0.185102334375 0.95938203125 0.154426484375 0.9653448125 0.1442762453125 0.9786368953124999 0.1433287609375 0.9901401406249999 0.14593129062500002 1 0.1999906625 1
10 10 0.8755848 0.0064788765624999994 0.8879865921875 0.0175648609375 0.8999805390625 0.031047696875000003 0.88745555 0.040137887500000004 0.8687099843750001 0.0351870734375 0.8555234828125 0.018411521875 0.8347312859375 0.0104494046875 0.8306194281250001 0.0030173140625 0.8292343109375 10 0.83278715 10 0.8755848
10 0.3051228078125 0.8398402828125 0.3114667078125 0.8315327328125001 0.2989993796875 0.804243565625 0.285195246875 0.8069268171875 0.294860003125 0.8361756312499999 0.3051228078125 0.8398402828125
10 0.7677339125 0.985465546875 0.7810080187499999 0.9800555515625 0.78319614375 0.9626516140625 0.778719071875 0.9437134875 0.76969690625 0.9341481437500001 0.756631528125 0.9324431437499999 0.7500788984375 0.9478656875 0.7509865015624999 0.968912534375 0.7677339125 0.985465546875
10 0.619775440625 0.8146128515625 0.6273881203125 0.804643790625 0.6260349171875 0.7935877515625 0.6174864937500001 0.7782707875 0.607460559375 0.7717303234375 0.595692103125 0.7726029953125 0.59871980625 0.804556809375 0.604409375 0.813355059375 0.619775440625 0.8146128515625
10 0.7684906843749999 0.690952503125 0.7707069499999999 0.677787746875 0.7644310734374999 0.6577843890625 0.7503337875 0.6548650859375 0.740183546875 0.6681571671875 0.7405611249999999 0.6864772703125 0.7559834734375 0.696213428125 0.7684906843749999 0.690952503125
10 0.47663540156249995 0.6018250640625 0.475490928125 0.58365403125 0.46434866249999995 0.5631817203125 0.44948447968750005 0.5604114875 0.4452325375 0.5753868234375 0.4492640078125 0.60431575625 0.4600568375 0.6107071484375 0.47663540156249995 0.6018250640625