10 0.65078125 0.20078125 0.04375 0.0828125
10 0.77734375 0.0265625 0.0359375 0.053125
10 0.5359375 0.32578125 0.0125 0.0453125
10 0.921301328125 0.04566096875 0.9274435640625001 0.037172546875000004 0.9301315859375 0.0263914828125 0.9176587359375 0.0118303890625 0.9055381890625 0.02169106875 0.8999040328125 0.03460039375 0.9081646234375 0.0466798453125 0.921301328125 0.04566096875
10 0.878125 0.1875 0.0328125 0.0703125
10 0.1931378359375 1 0.20162457812499998 0.993246884375 0.207172696875 0.977453290625 0.207234284375 0.9416834515625 0.2150402328125 0.900687459375 0.21141394062500002 0.8926262828125001 0.20080133125000002 0.8899802625 0.1890167875 0.8984933078124999 0.1832965921875 0.9085183656249999 0.16111226875 0.9845774390625 0.169308175 1 0.1931378359375 1
10 0.10390625 0.48984375 0.0359375 0.0609375
10 0.247863828125 0.51284846875 0.25400606406250004 0.504360046875 0.2566940859375 0.4935789828125 0.2442212359375 0.47901788906250004 0.2321006890625 0.48887856875 0.2264665328125 0.50178789375 0.2347271234375 0.5138673453125 0.247863828125 0.51284846875
10 0.8827969250000001 0.661903290625 0.8783265515625001 0.650768846875 0.8668001234375 0.66793469375 0.86142408125 0.6894968203125 0.8639563265625 0.6987166281249999 0.8695986343750001 0.6986920046874999 0.876076871875 0.68885595 0.8827969250000001 0.661903290625
10 0.9038001390625 0.5378361390624999 0.909512184375 0.514926378125 0.9052057375 0.49667576718749995 0.8998994328125001 0.49535275624999997 0.8897170140625 0.507128071875 0.8815587624999999 0.52370229375 0.88384104375 0.5371540015624999 0.8938676859375001 0.5453795546875 0.9038001390625 0.5378361390624999
10 0.762938171875 0.889672553125 0.7643600703125 0.8742815859374999 0.760733778125 0.8662204124999999 0.7513872921875 0.8681842937500001 0.7418768796874999 0.8772643437500001 0.73733676875 0.8890150375000001 0.7386110406249999 0.90650964375 0.750231659375 0.905112765625 0.762938171875 0.889672553125
10 0.6414419828125 1 0.63828345625 0.9902821625 0.6218646140625 0.99477693125 0.620107440625 1 0.6414419828125 1