10 0.01875 0.51484375 0.025 0.0484375
10 0.13046875 0.325 0.0140625 0.025
10 0.55078125 0.2828125 0.034375 0.0484375
10 0.70390625 0.20625 0.034375 0.0578125
10 0.56875 0.0171875 0.034375 0.034375
10 0.05234375 0.87421875 0.015625 0.0359375
10 0.6144920671875 0.8094717093749999 0.6253836984375 0.76785506875 0.625991165625 0.7363622203125 0.6130874046875 0.73383156875 0.60139379375 0.7907049234375 0.600230771875 0.8128966921874999 0.604475715625 0.8214639296874999 0.610009659375 0.82036315625 0.6144920671875 0.8094717093749999
10 0.7092180031249999 0.7601950828125 0.709546321875 0.7518675203124999 0.7194188671874999 0.694898728125 0.7005691781250001 0.646623828125 0.6886268578125 0.7479895875 0.68378100625 0.7658159625 0.6885880609374999 0.77858504375 0.7011622765625 0.7746080453124999 0.7092180031249999 0.7601950828125
10 0.4062098609375 0.8977661390625 0.40492085937500005 0.9074341499999999 0.40760544374999996 0.9159196125 0.420015625 0.9179607984375 0.4286169953125 0.9031128328125 0.42195820156249997 0.868457584375 0.4062098609375 0.8977661390625
10 0.5494469453124999 0.6618837656250001 0.54872005625 0.67575361875 0.5567932078125001 0.6859122796875 0.5649584453125 0.6793862265625 0.5694408515625 0.66849478125 0.562511325 0.6514420796875 0.5494469453124999 0.6618837656250001
10 0.5051190906249999 0.92566606875 0.5146993078125 0.9219957624999999 0.5208147625 0.90979910625 0.52232183125 0.8959701390625 0.51892975625 0.886056803125 0.5081526234375 0.8827104078125 0.4967212906249999 0.89184688125 0.49330981718750005 0.8972312734375001 0.49350848593749996 0.90836804375 0.5051190906249999 0.92566606875