10 0.70234375 0.22109375 0.01875 0.0296875
10 0.3421875 0.19765625 0.046875 0.0578125
10 0.50625 0.23671875 0.0296875 0.04375
10 0.57734375 0.01328125 0.0328125 0.0265625
10 0.98671875 0.19296875 0.0265625 0.0921875
10 0.84765625 0.17265625 0.0390625 0.0953125
10 0.89375 0.2296875 0.0421875 0.084375
10 0.37265625 0.525 0.0421875 0.0703125
10 0.27109375 0.43125 0.0265625 0.025
10 0.26015625 0.48984375 0.03125 0.0453125
10 0.16640625 0.6703125 0.0375 0.0703125
10 0.290625 0.55625 0.040625 0.075
10 0.4296875 0.8578125 0.05 0.0734375
10 0.2875 0.8171875 0.0375 0.0484375
10 0.97421875 0.81328125 0.0390625 0.05