10 0.2268277265625 0.3190312484375 0.24683269531250002 0.3225148 0.25732582187499997 0.3102396140625 0.2552933234375 0.2909016875 0.2407352015625 0.264501021875 0.23359729062499998 0.2638547078125 0.221405046875 0.2749119390625 0.2188778796875 0.28076371093749997 0.22105555468750002 0.30148291875 0.2268277265625 0.3190312484375
10 0.10707159375 10 0.1064160234375 0.0104829953125 0.11213711562499999 0.0350193921875 0.11965948281250001 0.0467976125 0.128351334375 0.0472806015625 0.146468984375 0.03280750625 0.14181521875 0.010952007812500001 0.1336519265625 10 0.10707159375 0
10 0.038451439062499995 0.365364640625 0.0550581703125 0.36641228125 0.06443289218750001 0.3584442625 0.06730955 0.32602150937499996 0.06231435 0.308391515625 0.05119748750000001 0.29978417031250004 0.042650815625 0.3006824609375 0.033617529687499995 0.3044249765625 0.026864074999999998 0.31491056875 0.028555139062500002 0.3384739984375 0.038451439062499995 0.365364640625
10 0.85 0.325 0.040625 0.1
10 0.53515625 0.315625 0.0234375 0.0453125
10 0.81875 0.04453125 0.028125 0.0890625
10 0.61484375 0.45078125 0.0328125 0.0578125
10 0.7359375 0.1109375 0.0359375 0.10625
10 0.45703125 0.93125 0.0234375 0.090625
10 0.4015625 0.71328125 0.034375 0.078125
10 0.23671875 0.7796875 0.04375 0.078125
10 0.27109375 0.5671875 0.0234375 0.0625
10 0.0265625 0.56640625 0.021875 0.0328125
10 0.08125 0.490625 0.021875 0.021875
10 0.17578125 0.91171875 0.0265625 0.0375
10 0.38984375 0.53828125 0.0171875 0.0421875
10 0.46875 1 0.4833151625 1 0.4821166484375 0.9766117390625 0.47289516249999997 0.9636155640624999 0.46875 0.9624615609374999 0.46875 1
10 0.645885278125 0.8979512343749999 0.6576850109375 0.8981075718749999 0.66215863125 0.8808789046874999 0.6594002421875 0.8546345765625001 0.6502298328125 0.8346503343749999 0.6381397453125001 0.8317314375 0.6350748859374999 0.8474154984375 0.6382177328124999 0.8847917328125 0.645885278125 0.8979512343749999