10 0.12848322968749998 0.316391678125 0.130877059375 0.3023582734375 0.1285171234375 0.287183209375 0.115670809375 0.28090248125 0.10923070625 0.2923663515625 0.108469925 0.30770496718749996 0.11621842812500001 0.3212068359375 0.12260523906250001 0.32365370625 0.12848322968749998 0.316391678125
10 0.1988819859375 0.107173653125 0.2119269671875 0.1023176109375 0.2157357765625 0.085428459375 0.21101590625000002 0.055078328125 0.20078148750000002 0.038925153125 0.1969532796875 0.040516576562500003 0.1937065828125 0.053203882812500006 0.1875766328125 0.085513421875 0.18908370000000002 0.099342390625 0.1988819859375 0.107173653125
10 0.31771077187499996 0.3344451140625 0.31732793125000003 0.31221245937500003 0.310068853125 0.2931217640625 0.2965150484375 0.2882689078125 0.2898035875 0.30948256406249997 0.2892608734375 0.3289821359375 0.2937432796875 0.3398735828125 0.3017631390625 0.34362566562499997 0.31771077187499996 0.3344451140625
10 0.41183672031249996 0.4486569484375 0.4083864515625 0.4126771015625 0.3970084109375 0.389629884375 0.385543184375 0.40970188125 0.38265993125 0.42932411562499995 0.3835321984375 0.445967940625 0.3936212375 0.459347146875 0.4031287671875 0.46163046874999997 0.41183672031249996 0.4486569484375
10 0.0890399578125 0.41133300781250004 0.078970315625 0.41325153124999997 0.076140353125 0.41896302187499995 0.077720109375 0.434178975 0.09183602656249999 0.43482998593750005 0.09622634687500001 0.4290367203125 0.095572146875 0.4165538515625 0.0890399578125 0.41133300781250004
10 0.27074685 0.9514392890625001 0.2846447 0.94792934375 0.2892336890625 0.9309993046875 0.287435865625 0.9116223968749999 0.2798327421875 0.9008945 0.26713180625 0.8973877437500001 0.25849654218749996 0.911748246875 0.2564661578125 0.9327165781249999 0.27074685 0.9514392890625001
10 0.1534076453125 0.7605160328125 0.1623336640625 0.7517034687499999 0.16253233281249999 0.7405666984374999 0.15619881093750002 0.7242090859375001 0.14718070625 0.716336934375 0.135405328125 0.7155632609375 0.13395645312499999 0.7476274765625 0.138366171875 0.7571319375 0.1534076453125 0.7605160328125
10 0.3157547953125 0.6505485656250001 0.319781671875 0.637820371875 0.3163508015625 0.617138253125 0.302796996875 0.612285396875 0.29089563906250004 0.6240354796875 0.2887198765625 0.6422298421875 0.3026371234375 0.6540176234375 0.3157547953125 0.6505485656250001
10 0.01778335625 0.5 0.015302803125 0.5056106875 0.015268909375 0.5348191578125 0.025067195312500002 0.5426504203125 0.0427205640625 0.5361620671875 0.044116146875 0.5180085937500001 0.037362332812499996 0.5 0.01778335625 0.5
10 0.006296225 0.9580946749999999 0.016550040625 0.9895455796875 0.0221566734375 0.9920333390625 0.031010003125 0.9818337906250001 0.0323328984375 0.9622933312499999 0.025708621874999997 0.9403877765625002 0.018032807812500003 0.9282728953125 0.011718684375 0.9272130093750001 0.004571090625 0.9401047531250001 0.006296225 0.9580946749999999
10 0.7756920921875 0.8310273 0.7675995437500001 0.8258882312499999 0.7541572249999999 0.8530178171875 0.7399153281249999 0.8648905625 0.7367413203125001 0.8789648546875 0.7426242125 0.9315067531250001 0.76158598125 0.9499841390625001 0.7886015015625001 0.943005134375 0.8041130015625001 0.9255026718749999 0.8075050765625 0.9155893374999999 0.7980314406250001 0.8840975468749999 0.77997583125 0.8530555171875001 0.7756920921875 0.8310273