10 0.061054517187500004 0.498870109375 0.07237835625 0.4873567890625 0.072674415625 0.4734490953125 0.05769429375 0.4698030078125 0.0517874015625 0.479737428125 0.0521751734375 0.490841771875 0.05549215625 0.4962848828125 0.061054517187500004 0.498870109375
10 0.91875 0.5421875 0.0359375 0.0890625
10 0.86875 0.31953125 0.0296875 0.0765625
10 0.7 0.37421875 0.0390625 0.0765625
10 0.74921875 0.16484375 0.01875 0.0625
10 0.73046875 0.021875 0.0171875 0.04375
10 0.571875 0.06796875 0.00625 0.0359375
10 0.6296875 0.50234375 0.0234375 0.0359375
10 0.86953125 0.14453125 0.0140625 0.0421875
10 0.0223715109375 0.9072432218750001 0.02515530625 0.8974178625 0.023744403125 0.8794005703125001 0.0101319421875 0.8701477796875 0.0101214828125 0.9146196796874999 0.0223715109375 0.9072432218750001
10 0.51938318125 1 0.5200914562500001 0.9899234140625 0.5153150984375 0.96507496875 0.5148356125 0.928958590625 0.5080129906249999 0.8902842484375 0.5023536859375 0.8849229328125 0.485908959375 0.8841074593750001 0.474730534375 0.899784909375 0.47668466093750006 1 0.51938318125 1
10 0.325305221875 0.7173886671874999 0.314374384375 0.7177703796875 0.30793430625 0.7124363312499999 0.2963196375 0.7156213953125 0.2896804421875 0.726971125 0.2871874765625 0.7451247421875 0.284393221875 0.799422003125 0.296099603125 0.8212489749999999 0.3074719140625 0.811123696875 0.3322627984375 0.8046990375 0.343441221875 0.7890215890625 0.3621798 0.7883672234375 0.3686735796875 0.772853365625 0.3634662078125 0.713276584375 0.3556152265625 0.68992524375 0.34541669062499997 0.6888916484375 0.3412167625 0.70293566875 0.325305221875 0.7173886671874999
10 0.931721453125 0.6 0.9097903437499999 0.6212205187500001 0.9004210546875001 0.6215477015624999 0.8922203109375 0.6329519625 0.8853335296875 0.659597428125 0.870251234375 0.6754112046875 0.865367475 0.6922585734375 0.8667679187499999 0.754747765625 0.8834497734375001 0.7847394031249999 0.90921531875 0.78383965 0.92688229375 0.7748842921875 0.93864760625 0.75362740625 0.9521631234375001 0.7601041125 0.9580215437499999 0.748781646875 0.9561206953125 0.739119878125 0.9411942734375 0.71462588125 0.9375969218750001 0.6563826140625 0.937603875 0.6 0.931721453125 0.6