10 0.1015625 0.00859375 0.01875 0.0171875
10 0.00625 0.09375 0.0125 0.05
10 0.8349410921875 0.359375 0.83455673125 0.33314405156250004 0.8266700015625 0.31572372031249996 0.822657565625 0.3167668734375 0.8176767343750001 0.3288788546875 0.8073289625000001 0.359375 0.8349410921875 0.359375
10 0.5716953265625 0.3158783453125 0.573511071875 0.295124290625 0.5661605203125 0.2805392578125 0.5556797687499999 0.2838048921875 0.5461503234375 0.2941247296875 0.5427260453125 0.3063728921875 0.5486410921875 0.31943813906249996 0.5615086546875 0.3247464875 0.5716953265625 0.3158783453125
10 0.3328125 0.925 0.0375 0.08125
10 0.302039821875 0.713569959375 0.3178474625 0.7121645609374999 0.32168686874999997 0.7041353 0.32531835781249996 0.6626271875 0.323173646875 0.6512859953125 0.317673728125 0.64243965 0.310669234375 0.6418268359375 0.30407986875000004 0.6454329249999999 0.298199709375 0.6588604203124999 0.2939109921875 0.6989168375 0.302039821875 0.713569959375
10 0.22390373125 0.5041110453125001 0.217746584375 0.4938130046875 0.2090473953125 0.5125706453125 0.2071106015625 0.5347083046875 0.21105396562499998 0.54341846875 0.21662295468749998 0.5425114984375 0.2214827375 0.5317831203125 0.22390373125 0.5041110453125001
10 0.20297572343749998 0.359375 0.198421478125 0.3740805 0.2027799703125 0.3870095671875 0.2139699296875 0.3935653375 0.2226000484375 0.384561015625 0.22465789218749999 0.361039753125 0.223975915625 0.359375 0.20297572343749998 0.359375
10 0.150673821875 0.7226342578125 0.14967053749999998 0.707210346875 0.14482784531249998 0.69981569375 0.1359036484375 0.7032175109375001 0.12793075781250002 0.7136735265625 0.12528475625 0.7259897796875 0.1292801 0.7430696578125 0.140539128125 0.7398721125 0.150673821875 0.7226342578125
10 0.0459587890625 0.82593788125 0.044333165625 0.8355550171874999 0.046719975000000004 0.8441290015625 0.059051359375 0.8466020515625001 0.0681656765625 0.8320633140624999 0.061472353125000004 0.8189299765625 0.0459587890625 0.82593788125
10 0.1730095109375 1 0.1728835328125 0.9797148984374999 0.164166546875 0.9538567656249999 0.16093238906250001 0.9549680078125 0.1462839703125 0.9969064578125 0.145741503125 1 0.1730095109375 1
10 0.6666806375000001 0.796044903125 0.6563729140625 0.806296646875 0.652291409375 0.8170931156249999 0.642278471875 0.895686165625 0.6535204078125 0.9106116499999999 0.6706425046875 0.912109640625 0.6836482078125 0.8979113562500001 0.6866573578125 0.8814442921874999 0.68112255 0.846105203125 0.6824192078125 0.8043928203124999 0.6775765171874999 0.79699816875 0.6666806375000001 0.796044903125
10 0.81640625 0.50546875 0.0328125 0.08125
10 0.5125 0.428125 0.021875 0.0453125
10 0.98203125 0.85078125 0.0359375 0.0734375
10 0.5625 0.6 0.025 0.04375