10 0.21800263281249999 0.10138888906250001 0.2547213828125 0.109722221875 0.26722138281249996 0.102777778125 0.2734713828125 0.0875 0.2719088828125 0.0486111109375 0.2547213828125 0.03194444375 0.22737763281249998 0.0236111109375 0.20940888281249997 0.0388888890625 0.2047213828125 0.055555556250000006 0.20394013281249998 0.0888888890625 0.21800263281249999 0.10138888906250001
10 0.056396484375 0.409375 0.05546875 0.40277777812500004 0.05078125 0.397222221875 0.03515625 0.40833333281249995 0.0351029828125 0.409375 0.056396484375 0.409375
10 0.396875 0.39375 0.01875 0.03125
10 0.6921875 0.203125 0.01875 0.090625
10 0.54453125 0.1546875 0.015625 0.034375
10 0.6015625 0.26015625 0.021875 0.08125
10 0.1992401359375 0.6399884265625 0.20793879375 0.5978587953125001 0.20689721875 0.566377315625 0.1938787015625 0.5645254625 0.1851776359375 0.6219328703125 0.1851776359375 0.64415509375 0.1898651359375 0.6524884265625 0.1953338859375 0.6510995375 0.1992401359375 0.6399884265625
10 0.29490249999999996 0.573784721875 0.2947945359375 0.5654513890625 0.3016720375 0.5080439812499999 0.2777179625 0.50896990625 0.27370078593749997 0.5626736109375 0.26979453593749997 0.5807291671875 0.2752632859375 0.5932291671875001 0.28761212812500003 0.5885995375 0.29490249999999996 0.573784721875
10 0.2947870375 0.8686921296874999 0.315211296875 0.804340278125 0.29125722187499997 0.7682291671874999 0.27094833125 0.84600694375 0.2713495375 0.8617476843749999 0.2697870375 0.874247684375 0.2752557875 0.8909143515625001 0.2861932875 0.886747684375 0.2947870375 0.8686921296874999
10 0.0875 0.8029513890625001 0.09375 0.7807291671875 0.08984375 0.74461805625 0.08125 0.7348958328125 0.0671875 0.7376736109375 0.06484375 0.741840278125 0.0671875 0.79461805625 0.07265625 0.8029513890625001 0.0875 0.8029513890625001
10 0.1177074078125 0.5932291671875001 0.1177074078125 0.60711805625 0.1263011578125 0.616840278125 0.1341136578125 0.6098958328125 0.1380199078125 0.598784721875 0.1302074078125 0.58211805625 0.1177074078125 0.5932291671875001
10 0.122915925 0.49924768437499994 0.122134675 0.52008101875 0.129306846875 0.5635995375 0.14284610625 0.5598958328125 0.135415925 0.5034143515625 0.129947175 0.49646990625000004 0.122915925 0.49924768437499994
10 0.50703125 0.73515625 0.03125 0.096875
10 0.4984375 0.446875 0.01875 0.075
10 0.41015625 0.50625 0.025 0.103125