10 0.0942519921875 0.1189519 0.0785654 0.11893010468750001 0.065645859375 0.132608165625 0.06896617968749999 0.16159575312500002 0.0877829703125 0.1794682171875 0.0988347875 0.15340581250000002 0.098817696875 0.1352827828125 0.0942519921875 0.1189519
10 0.6482233 0.34648311875000004 0.6619901875 0.342490284375 0.66598553125 0.32541040625 0.663512559375 0.30610804375 0.65553966875 0.295652028125 0.6427240859375 0.2925906625 0.6345952578125 0.3072437859375 0.63329789375 0.328270203125 0.6482233 0.34648311875000004
10 0.52429245 0.159771246875 0.5329054765625 0.1506525390625 0.53271535625 0.13951561875000001 0.525814821875 0.12338900781249999 0.516527475 0.115836378125 0.50473226875 0.11547413124999999 0.5044033015625 0.1475693796875 0.5091420359375001 0.156914153125 0.52429245 0.159771246875
10 0.6827028921875 0.0442049359375 0.6862831078125 0.031343959375 0.68213253125 0.010794175 0.668417621875 0.006417296875000001 0.6569335859375001 0.0185755734375 0.6553941234375 0.036834784375 0.66971428125 0.04812968125 0.6827028921875 0.0442049359375
10 0.217735396875 0.2973863859375 0.210419734375 0.285478675 0.196842965625 0.3006084296875 0.20140866875 0.3169393140625 0.2150025296875 0.3199325875 0.21906694375 0.31260602656250003 0.217735396875 0.2973863859375
10 0.384166040625 0.3623636453125 0.39551122968749997 0.3934375375 0.40120126875000006 0.3957281125 0.409693246875 0.3852258 0.4103333828125 0.3656510765625 0.40294865 0.34399005 0.394854709375 0.3321504296875 0.3885074421875 0.33131155 0.38181411875000004 0.3444448875 0.384166040625 0.3623636453125
10 0.27109375 0.46328125 0.015625 0.0234375
10 0.196875 0.646875 0.015625 0.034375
10 0.33515625 0.68984375 0.015625 0.0421875
10 0.43125 0.83125 0.021875 0.025
10 0.45625 0.7015625 0.009375 0.0203125
10 0.6421875 0.71171875 0.0171875 0.0328125
10 0.525 0.48671875 0.0171875 0.0375