10 0.15249675625 0.3021163875 0.16120907499999998 0.31304378437499997 0.1730626296875 0.3162039046875 0.1810776984375 0.3088205796875 0.18488099062500002 0.296652825 0.18034525625 0.26779865625 0.169815815625 0.255837584375 0.15490555 0.2533271890625 0.15025355468749998 0.2727749296875 0.15249675625 0.3021163875
10 0.3349944828125 0.1724505796875 0.346745915625 0.171372653125 0.34939414375 0.15377074531249998 0.3439075859375 0.1279585171875 0.332698490625 0.10904232031250001 0.320369525 0.107403171875 0.31896088749999996 0.12332167812499999 0.325993396875 0.16016464375 0.3349944828125 0.1724505796875
10 0.725 0.3359375 0.034375 0.028125
10 0.9828125 0.7875 0.034375 0.078125
10 0.83046875 0.87109375 0.05 0.08125
10 0.8421875 0.65546875 0.028125 0.0640625
10 0.7984375 0.51171875 0.0265625 0.0578125
10 0.60546875 0.6796875 0.0109375 0.034375
10 0.64453125 0.5921875 0.025 0.0390625
10 0.78203125 0.99375 0.0296875 0.0125
10 0.95703125 0.61484375 0.021875 0.04375