10 0.51484375 0.58984375 0.0421875 0.103125
10 0.4234375 0.34140625 0.0234375 0.059375
10 0.259375 0.4109375 0.040625 0.071875
10 0.2828125 0.19140625 0.03125 0.06875
10 0.2453125 0.0328125 0.021875 0.0453125
10 0.196875 0.5765625 0.025 0.0359375
10 0.87516928125 0.578790940625 0.87135586875 0.5597081046875 0.8559456109375001 0.5523054390625 0.8561932125 0.5888274640625 0.850986690625 0.6009017078125 0.8575495375 0.6223614796875 0.8772301203125 0.64174360625 0.896520909375 0.6386882453125 0.9081177531249999 0.627008075 0.9069563265625 0.6046928031250001 0.9015022015625 0.5802450234375 0.8950144312500001 0.5742415765625 0.8791472609375 0.5739422875 0.87516928125 0.578790940625
10 0.6296875 0.3425682984375 0.6422233921875 0.32661108125 0.6516475374999999 0.3012130171875 0.6519095515625 0.282890896875 0.6413910984375 0.2564328265625 0.6296875 0.24695111406249998 0.6296875 0.3425682984375
10 0.2582795296875 0.9473914593749999 0.255162671875 0.9127300828125 0.24153531875 0.8966078218749999 0.2272114109375 0.8960641031250001 0.22376542187499998 0.9092657078125 0.22444756406250002 0.9485313109375 0.2403898109375 0.964286928125 0.2582795296875 0.9473914593749999
10 0.8526669375000001 0.787038603125 0.8637844984375 0.7923087640625 0.8770220546875 0.7859935359375 0.8762951687499999 0.7664218421875 0.8629074593749999 0.7418244171875 0.8496922734375 0.7382926890625 0.8484637296875001 0.7455182812500001 0.8515055109375 0.76472333125 0.84916824375 0.774936928125 0.8526669375000001 0.787038603125
10 1 0.9725357078125001 0.9978556703125001 0.949036596875 0.988521015625 0.93504684375 0.9781750875 0.9296544703125 0.9726314734375 0.9445945078125 0.9718150968749999 0.9644106296875 0.973216165625 0.9782507390624999 0.9896153249999999 0.9869029796875001 1 0.9726096999999999 1 0.9725357078125001
10 0.689804596875 0.8114272625 0.6939998453125 0.8079503984375 0.6986520078125 0.7973701562500001 0.6980225703125 0.7834078359375 0.6811585375 0.7368617796875 0.670812609375 0.73146940625 0.6587812234375 0.7404059984375 0.6601822937499999 0.75424610625 0.6759376015624999 0.80378016875 0.689804596875 0.8114272625
10 0.7303607890625 0.9774978531249999 0.7419576328125 0.9658176828125 0.7422420203125 0.9376486078124999 0.730277753125 0.9170443374999999 0.720268915625 0.9087861687500001 0.7079228109375 0.9107416 0.7046940921875 0.9253149953124999 0.7056382484375 0.9462584796875 0.7186888671875 0.973721696875 0.7303607890625 0.9774978531249999