10 0.37578125 0.4203125 0.021875 0.053125
10 0.309375 0.26875 0.025 0.0515625
10 0.29453125 0.18671875 0.0484375 0.0890625
10 0.7625 0.2265625 0.0390625 0.0578125
10 0.88515625 0.40625 0.0265625 0.05625
10 0.99609375 0.23046875 0.0078125 0.0515625
10 0.86953125 0.05546875 0.025 0.040625
10 0.04296875 0.8484375 0.0234375 0.05
10 0.02890625 0.60625 0.0578125 0.10625
10 0.80859375 0.7390625 0.025 0.05625
10 0.54765625 0.97890625 0.0296875 0.0421875
10 0.6328125 0.95 0.0265625 0.065625
10 0.51796875 0.8578125 0.0171875 0.0375
10 0.7328125 0.58359375 0.028125 0.0390625
10 0.74140625 0.50546875 0.1015625 0.0921875