10 0.4875 0.0625 0.0375 0.053125
10 0.2109375 0.01015625 0.025 0.0203125
10 0.18359375 0.3640625 0.0296875 0.03125
10 0.0328125 0.0859375 0.028125 0.04375
10 0.1375 0.52421875 0.0359375 0.078125
10 0.07265625 0.4734375 0.0359375 0.05
10 0.03984375 0.7375 0.028125 0.034375
10 0.11171875 0.82578125 0.0265625 0.03125
10 0.2578125 0.71015625 0.03125 0.0625
10 0.3625 0.8078125 0.03125 0.0546875
10 0.56328125 0.7734375 0.0328125 0.084375
10 0.4390625 0.5421875 0.0328125 0.059375
10 0.7859375 0.78359375 0.0359375 0.053125
10 0.6984375 0.95390625 0.0234375 0.0390625