10 0.25063342187500004 0.171460715625 0.2882578359375 0.1700065859375 0.2985345546875 0.16006352968749998 0.3006174109375 0.1436887109375 0.289042965625 0.10652933281250002 0.268127465625 0.09487902031249999 0.23955860625 0.093906721875 0.22615630625 0.11331457812500001 0.2259421796875 0.1306265546875 0.23381485156249998 0.1630262859375 0.25063342187500004 0.171460715625
10 0.1631675453125 0.4796875 0.164021890625 0.47217973593749996 0.15963686562499999 0.46185163124999995 0.1536712046875 0.4576985921875 0.14145438125 0.4724751484375 0.142996975 0.4796875 0.1631675453125 0.4796875
10 0.3783524609375 0.25083130468750003 0.385541878125 0.277662578125 0.3963591 0.284829296875 0.39837058125 0.2742251375 0.3893481203125 0.243571375 0.3815494171875 0.235595846875 0.3783524609375 0.25083130468750003
10 0.50625 0.21015625 0.034375 0.0453125
10 0.7203125 0.07109375 0.01875 0.0359375
10 0.7828125 0.45625 0.046875 0.046875
10 0.45546875 0.97890625 0.0421875 0.0421875
10 0.2359375 0.66015625 0.0296875 0.046875
10 0.38046875 0.6828125 0.040625 0.0921875
10 0.3171875 0.7609375 0.0421875 0.084375
10 0.92734375 0.92890625 0.05 0.0609375