10 0.3930497359375 10 0.3931414890625 0.01842068125 0.40564884218749997 0.11634764375 0.4145146390625 0.14863191874999998 0.42308146718749995 0.161224503125 0.43558689531250006 0.1646607171875 0.456647209375 0.1581265859375 0.4796875 0.12309944218749999 0.4796875 0.04387711875 0.4774983234375 0.0289319609375 0.4761825453125 10 0.3930497359375 0
10 0.275083296875 0.1182151515625 0.2687448609375 0.136256565625 0.27255786249999997 0.1623802109375 0.2868093265625 0.193714846875 0.2985234125 0.24665161093750002 0.32382129375 0.25065280156249997 0.33665959375 0.24697874843749998 0.3532411609375 0.22854150781250002 0.3539527515625 0.21008194375000003 0.34469629375 0.16658403593749999 0.3456490625 0.149492259375 0.34135370468750004 0.1206330390625 0.326103625 0.11062920624999999 0.275083296875 0.1182151515625
10 0.2787006265625 0.45 0.277753975 0.43929599843749995 0.2689001203125 0.4295746546875 0.26327327500000003 0.4291565046875 0.25595039218750004 0.45 0.2787006265625 0.45
10 0.778749928125 0.31639741875 0.780380384375 0.3076480375 0.776716865625 0.2913702375 0.7666571234375 0.27480994999999997 0.75942178125 0.23377629375 0.75541345 0.20204583281250002 0.75837539375 0.1648553765625 0.7547577234375 0.14433855 0.7459955640625 0.12613914843750001 0.7260375031249999 0.1254273484375 0.709742959375 0.1409933484375 0.7026929328125 0.1774943265625 0.674985196875 0.2543060015625 0.6855511828124999 0.318727725 0.6938309859375 0.3341915484375 0.7074964578125 0.348705734375 0.7159138015625001 0.3514524734375 0.7400516406250001 0.34437569218749997 0.7532228125 0.3335913703125 0.7598024265625 0.31691774375000004 0.778749928125 0.31639741875
10 0.14062663749999998 0.7346197546875001 0.1333234890625 0.7471900140625 0.13217538906249998 0.7586749734375 0.14284501249999998 0.837181571875 0.1575668890625 0.8486888531249999 0.1744932734375 0.8457042749999999 0.18338103125 0.8286236625000001 0.18202565625 0.8119388750000001 0.1675330140625 0.77923645 0.1579895296875 0.73860978125 0.1513979734375 0.732720478125 0.14062663749999998 0.7346197546875001
10 0.04453125 0.5203125 0.028125 0.0703125
10 0.75546875 0.78125 0.04375 0.0828125
10 0.67105123125 0.5846590078125 0.6859564953125 0.5792101781250001 0.6875869515625 0.5704607968750001 0.6803516109375 0.529427140625 0.6753446625 0.5190274828125 0.667742546875 0.5119060531249999 0.6608181171874999 0.5131270171875 0.6553866015625001 0.518315684375 0.653182096875 0.5328075453125 0.659406878125 0.572609075 0.67105123125 0.5846590078125
10 0.527188915625 0.6325908515625 0.5222278140625 0.6179521671874999 0.5156362578125 0.6120628609375001 0.5078966 0.6176585171875 0.50290159375 0.6298217890625 0.503533434375 0.6424032109375 0.5118132375 0.6578670359375 0.5218610390625 0.6518643921875 0.527188915625 0.6325908515625
10 0.6240450109375 0.9074476593749999 0.615179215625 0.8751633859375 0.600066675 0.85244246875 0.5972303296875 0.8543529078125001 0.5939355140625 0.8986536296875001 0.595532065625 0.9167062062500001 0.6126657234375 0.941891375 0.622081684375 0.923307309375 0.6240450109375 0.9074476593749999
10 0.9446773187499999 0.7747545375 0.9413008265624999 0.7556054984375 0.9330210234375 0.7401416734375 0.9250401874999999 0.7443695390625 0.922307478125 0.760364853125 0.925488640625 0.773907075 0.9333319343750001 0.78239629375 0.9415081015624999 0.7837752453125 0.9446773187499999 0.7747545375
10 0.9058239296874999 1 0.904217221875 0.9892050109374999 0.894065784375 0.9811227796875001 0.8871413546875001 0.9823437437500001 0.8811357906249999 0.993274890625 0.881157 1 0.9058239296874999 1