10 0.384375 0.2625 0.0609375 0.1421875
10 0.1288997328125 10 0.12764583125 0.0056527421874999996 0.12612573124999998 0.02132505 0.1230515109375 0.033541456250000004 0.1264483421875 0.050750365625 0.1378121046875 0.0479477015625 0.1485422171875 0.031074043750000002 0.15077351249999998 0.0010294296875 0.1501641921875 10 0.1288997328125 0
10 0.0189705890625 0.150432171875 0.017010321875 0.1599867140625 0.0190964515625 0.1686387734375 0.031334015625 0.1715406765625 0.040950175 0.15732888125 0.034719275 0.14396994999999999 0.0189705890625 0.150432171875
10 0.16266170468750002 0.38403681875 0.163622309375 0.3505711046875 0.15581306875 0.32442450625 0.15254209999999999 0.3254222 0.1364389734375 0.36682388125 0.1326877015625 0.38455443125 0.14170926875 0.413648525 0.1561472515625 0.3986294546875 0.16266170468750002 0.38403681875
10 0.3422168984375 10 0.34093361875 0.004787685937499999 0.3440628125 0.017765775 0.35923281875 0.02242705625 0.3680026640625 0.01510794375 0.37021815468749997 10 0.3422168984375 0
10 0.809375 0.46953125 0.04375 0.0390625
10 0.79375 0.271875 0.0359375 0.078125
10 0.62265625 0.2828125 0.0453125 0.078125
10 0.70234375 0.09921875 0.0234375 0.0625
10 0.4640625 0.0390625 0.021875 0.0328125
10 0.534375 0.40703125 0.0265625 0.0390625
10 0.33515625 0.89609375 0.0203125 0.0359375
10 0.16328125 0.85234375 0.028125 0.065625
10 0.14765625 0.61015625 0.0265625 0.0796875
10 0.54387193125 0.6498196796875 0.547355565625 0.627858309375 0.543521834375 0.607797115625 0.5310166328125 0.6006643953124999 0.5207234203125 0.6203903343749999 0.5168028859375 0.6394994234375 0.519325915625 0.651003765625 0.52657239375 0.656091478125 0.54387193125 0.6498196796875
10 0.6149033703125 0.772197059375 0.6177533546875 0.7361646937499999 0.6105502781250001 0.711491840625 0.5957737703125 0.7292679828124999 0.5895269546875 0.7480914375 0.5874957984375 0.764633875 0.5951082890625 0.7795617625 0.604074884375 0.7834613609375 0.6149033703125 0.772197059375