10 0.3890625 0.15390625 0.01875 0.034375
10 0.21015625 0.1140625 0.015625 0.04375
10 0.1796875 0.2421875 0.015625 0.021875
10 0.29609375 0.25703125 0.009375 0.025
10 0.09609375 0.09453125 0.015625 0.034375
10 0.6783771749999999 0.0819058640625 0.677595925 0.0694058640625 0.6705646749999999 0.06107253124999999 0.664314675 0.06246141875 0.656502175 0.07357253124999999 0.655720925 0.08746141874999999 0.659627175 0.0916280859375 0.671345925 0.093016975 0.6783771749999999 0.0819058640625
10 0.625685146875 0.37696759375 0.637403896875 0.374189815625 0.645216396875 0.3505787046875 0.642872646875 0.324189815625 0.635060146875 0.31446759375 0.621778896875 0.31446759375 0.6147476468749999 0.324189815625 0.613185146875 0.35196759375000003 0.615528896875 0.361689815625 0.625685146875 0.37696759375
10 0.5302841515625001 0.1666280859375 0.5232529015625 0.1513503078125 0.5138779015625 0.1444058640625 0.5060654015625 0.15829475312500002 0.5021591515625 0.177739196875 0.5013779015625001 0.1916280859375 0.5162216515625 0.202739196875 0.5287216515625001 0.190239196875 0.5302841515625001 0.1666280859375
10 0.32578125 0.8890625 0.0265625 0.075
10 0.15546875 0.93828125 0.0359375 0.075
10 0.21171875 0.73046875 0.015625 0.0625
10 0.1984375 0.58359375 0.015625 0.0484375
10 0.03125 0.62734375 0.01875 0.0359375
10 0.3328125 0.7140625 0.0125 0.040625
10 0.0859375 0.59609375 0.034375 0.0734375
10 0.67734375 0.887152778125 0.6859375 0.8885416671874999 0.70546875 0.8760416671875 0.703125 0.85381944375 0.68828125 0.8288194437499999 0.68125 0.8260416671874999 0.6703125 0.8357638890625001 0.66796875 0.8496527781250001 0.67109375 0.874652778125 0.67734375 0.887152778125