10 0.4492574171875 0.376258721875 0.450734928125 0.36748221875 0.44678788125 0.351270834375 0.436440653125 0.33488863750000003 0.42849027812499996 0.293987503125 0.42392878281249996 0.2623318296875 0.4262412125 0.22509534687500002 0.42226602656249995 0.2046447796875 0.41318757812499995 0.186601071875 0.39322013437500003 0.186237696875 0.3771997359375 0.20208570468749998 0.37078781250000004 0.2387041640625 0.3444248453125 0.31598770625 0.3561135359375 0.380215215625 0.36466196093750003 0.3955321828125 0.3785786578125 0.4098056625 0.3870426578125 0.4124050796875 0.4110533125 0.4049081140625 0.424034265625 0.393895565625 0.4303218828125 0.3771096484375 0.4492574171875 0.376258721875
10 0.8453125 0.36015625 0.0421875 0.0859375
10 0.790625 0.54453125 0.040625 0.0546875
10 0.88359375 0.15078125 0.0328125 0.06875
10 0.8390625 0.01171875 0.028125 0.0234375
10 0.78046875 0.059375 0.0265625 0.0625
10 0.99609375 0.096875 0.0078125 0.075
10 0.71015625 0.20390625 0.03125 0.05625
10 0.30703125 0.96875 0.0421875 0.0625
10 0.4984375 0.89453125 0.0375 0.0578125
10 0.33984375 0.76328125 0.0328125 0.06875
10 0.9288852203125 1 0.9241554609375001 0.9849246453125 0.910058175 0.9820053421875 0.8999079359375 0.9952974234375 0.90000485625 1 0.9288852203125 1
10 0.6419184687499999 0.9428184828124999 0.64077399375 0.9246474515625 0.629631728125 0.9041751390625 0.614767546875 0.90140490625 0.6105156046875 0.9163802421874999 0.614547075 0.945309175 0.6253399046875 0.9517005671875 0.6419184687499999 0.9428184828124999