10 0.10234375 0.56640625 0.0421875 0.0640625
10 0.028125 0.25 0.040625 0.0921875
10 0.27109375 0.5328125 0.0421875 0.0546875
10 0.759134484375 0.43839583437499996 0.7527259828125 0.45144491562500005 0.7523818296875 0.462981984375 0.77509488125 0.5322293265625 0.783990528125 0.5510053734375 0.8006674859375 0.5468473406250001 0.8083421093750001 0.5291883578125 0.805826165625 0.5126387593749999 0.7890876203125 0.4810269515625 0.7767334109374999 0.4411649671875 0.76974709375 0.4357498140625 0.759134484375 0.43839583437499996
10 0.796875 0.1234375 0.053125 0.1015625
10 0.4765625 0.14453125 0.028125 0.046875
10 0.58515625 0.275 0.0421875 0.078125
10 0.41149232968750005 0.7979349359375 0.41574177968750003 0.730553534375 0.383763175 0.7013100921875 0.3828736921875 0.7816907015625001 0.3870710109375 0.796866815625 0.388578946875 0.8093735140625 0.39791728437499996 0.8242221000000001 0.40752188437500003 0.8175331796875 0.41149232968750005 0.7979349359375
10 0.073279846875 0.7868335921874999 0.074873821875 0.7964560234375 0.0799220125 0.803785815625 0.0923867109375 0.8021094234374999 0.0962711171875 0.7853954484375001 0.0797710671875 0.7542013109375001 0.073279846875 0.7868335921874999
10 0.194458478125 0.78429425 0.195146784375 0.7612201109375001 0.1826204984375 0.7271266609375 0.1719300015625 0.7197722453125 0.15895722343750002 0.7258695390625001 0.1576911 0.7304794421875 0.17273333125 0.781122490625 0.1800556515625 0.787885278125 0.194458478125 0.78429425
10 0.51328125 0.62265625 0.0328125 0.0453125
10 0.6359375 0.99375 0.028125 0.0125
10 0.49609375 0.775 0.025 0.034375
10 0.67109375 0.71953125 0.0265625 0.034375
10 0.475 0.99375 0.03125 0.0125