10 0.1827729453125 0.1865546171875 0.180271253125 0.14360914062500002 0.1711171640625 0.11346994531250001 0.15806294375000002 0.11505063281250001 0.1645164921875 0.1727539328125 0.1702680265625 0.1942189515625 0.1769526296875 0.20105511874999998 0.181875565625 0.1982981390625 0.1827729453125 0.1865546171875
10 0.25763535000000004 0.11041783593750001 0.255374240625 0.1023963984375 0.24715926562499999 0.045165071875000004 0.2143143796875 0.0050777890625 0.2342803015625 0.10517273437500001 0.235180275 0.12362407500000001 0.24369792031249998 0.13428273125 0.2544277484375 0.12661473437499998 0.25763535000000004 0.11041783593750001
10 0.0119692765625 0.3348903515625 0.013730942187500001 0.3444834984375 0.0189062859375 0.351724071875 0.0313398296875 0.3498303984375 0.034931945312500004 0.3330511734375 0.017889996875 0.3021497546875 0.0119692765625 0.3348903515625
10 0.0753041765625 0.0662901890625 0.078898884375 0.079705825 0.08971610625000001 0.08687254531250001 0.095465046875 0.078142703125 0.096362428125 0.06639918125 0.08450248125000001 0.052322440625 0.0753041765625 0.0662901890625
10 0.1146590953125 0.330860128125 0.1226362375 0.324409009375 0.12468340625 0.31091952031250003 0.1218433265625 0.29730168125 0.11555388281250001 0.2889217484375 0.10427012656250001 0.289069453125 0.09622160937499999 0.30129123125 0.094640975 0.307466296875 0.098271371875 0.317996603125 0.1146590953125 0.330860128125
10 0.31328125 0.378125 0.0484375 0.0625
10 0.51484375 0.03984375 0.046875 0.0578125
10 0.6890625 0.17578125 0.03125 0.0453125
10 0.8375 0.8234375 0.0421875 0.053125
10 0.95859375 0.703125 0.0453125 0.0625
10 0.7640625 0.52578125 0.05 0.06875