10 0.26953125 0.0296875 0.0390625 0.0546875
10 0.3734375 0.24453125 0.0421875 0.084375
10 0.9086221328124999 10 0.9055976843749999 0.005333515625 0.9021213625 0.0272821453125 0.9057846234374999 0.0391119609375 0.9117404046875001 0.041461465625 0.920760340625 0.034452873437499996 0.923058353125 10 0.9086221328124999 0
10 0.8218269046875001 0.11862366875000001 0.824434146875 0.1021621953125 0.8225314203125 0.08920501875 0.8142383703125 0.07664191718749999 0.8026862703125 0.0846556546875 0.7984383171875 0.10648207031250001 0.8012324968750001 0.12379904374999999 0.8160133171874999 0.1303587 0.8218269046875001 0.11862366875000001
10 0.9886187765625 0.4239375484375 0.985195159375 0.42058289687499995 0.9750888734375 0.4344504359375 0.9714927296875 0.45216148437500003 0.9758078000000001 0.45987593125000004 0.982752484375 0.4609758609375 0.988566071875 0.4492408296875 0.9886187765625 0.4239375484375
10 0.7024742749999999 0.04815934375 0.6947579609375 0.0469372 0.6868467468749999 0.0569337984375 0.6848913171875 0.069279903125 0.693836175 0.07772763906249999 0.7110069671874999 0.0691976125 0.709875871875 0.05636265 0.7024742749999999 0.04815934375
10 0.0953125 0.8125 0.0296875 0.0796875
10 0.01015625 0.65 0.0203125 0.0625
10 0.0203125 0.509375 0.021875 0.01875
10 0.52109375 0.78515625 0.0375 0.08125
10 0.634375 0.6125 0.03125 0.059375
10 0.7796475921875 0.6223958328125 0.785026640625 0.6134043796875 0.7867648015625 0.602430065625 0.77307033125 0.5890114625 0.7618553234375 0.59989099375 0.757367728125 0.61324224375 0.7666496781250001 0.6245557703125 0.7796475921875 0.6223958328125
10 0.74375 0.77421875 0.028125 0.0703125
10 0.5609375 0.50625 0.021875 0.0125