10 0.4578125 0.646875 0.028125 0.00625
10 0.5953125 0.44921875 0.009375 0.0359375
10 0.4359375 0.38828125 0.034375 0.065625
10 0.25 0.44921875 0.0359375 0.0625
10 0.4453125 0.14609375 0.034375 0.0796875
10 0.26875 0.16640625 0.028125 0.053125
10 0.1703125 0.26953125 0.021875 0.0296875
10 0.08203125 0.48203125 0.0171875 0.0359375
10 0.24985534999999998 0.7045723671874999 0.257467615625 0.7063297984375 0.2625234765625 0.7017953453125 0.2675223890625 0.680142678125 0.26611905625 0.65843735625 0.25407579375 0.6585077953125 0.2465601828125 0.6667506359375001 0.239413953125 0.6907584015625 0.24076033749999998 0.69534550625 0.24985534999999998 0.7045723671874999
10 0.0864194234375 0.735260484375 0.08985617500000001 0.7203742734375 0.085055796875 0.70643721875 0.0735010359375 0.7009187484375 0.064735696875 0.7145747546875001 0.0589755578125 0.73605168125 0.060554959374999995 0.7535213828125 0.0778301546875 0.7446808734375 0.0864194234375 0.735260484375
10 0.1520400890625 0.9684998312499999 0.1584647984375 0.937198378125 0.1556753765625 0.9180238984375 0.13808775 0.9282176984374999 0.12963484375 0.9405204156250001 0.1267832484375 0.959817984375 0.135213690625 0.978869375 0.1420647296875 0.9804510624999999 0.1520400890625 0.9684998312499999