10 0.0806545125 0.060905401562499996 0.07401925000000001 0.073840653125 0.0734738 0.0853699578125 0.08823751875 0.163210559375 0.1035414640625 0.1739315890625 0.12028844999999999 0.17006524375 0.128270096875 0.1525428875 0.12604336562500001 0.1359519015625 0.10985907343750001 0.10405278124999999 0.09820243281249999 0.0639812578125 0.0913116859375 0.05844499843749999 0.0806545125 0.060905401562499996
10 0.5613251421875 0.11469953906250001 0.5754760156250001 0.1100071296875 0.5790663734375 0.0977748515625 0.5762544843749999 0.085595225 0.563819375 0.0699356046875 0.555894678125 0.07033974374999999 0.54818575625 0.08209744687500001 0.5498670359375 0.1102177375 0.5613251421875 0.11469953906250001
10 0.6097003796875 0.39716824375000004 0.6212551421875 0.391649771875 0.624084271875 0.3795932359375 0.6186365640625 0.359469603125 0.6023556156250001 0.33757075468750003 0.5941184859374999 0.3366216 0.5905678359375 0.3559718234375 0.5940840015625 0.38509392187499997 0.6097003796875 0.39716824375000004
10 0.43348922500000003 0.26252284375 0.4388575171875 0.2684105859375 0.449827121875 0.26730347656250003 0.4564226781249999 0.24725027968750002 0.4505261765625 0.2286556828125 0.43844320625 0.22146729999999998 0.42764967187499997 0.2268100265625 0.4260305625 0.2371617859375 0.43348922500000003 0.26252284375
10 0.79296875 0.9125 0.0515625 0.09375
10 0.97265625 0.89296875 0.034375 0.0578125
10 0.70078125 0.70625 0.0421875 0.0796875
10 0.54375 0.775 0.0515625 0.08125
10 0.55625 0.575 0.0296875 0.0640625
10 0.3578125 0.51484375 0.025 0.0296875
10 0.503125 0.921875 0.0296875 0.040625