10 0.340625 0.07578125 0.040625 0.0703125
10 0.20546875 0.03203125 0.025 0.0390625
10 0.225 0.0953125 0.0296875 0.0453125
10 0.22265625 0.2984375 0.0375 0.0703125
10 0.28203125 0.140625 0.0390625 0.075
10 0.39765625 0.37421875 0.0359375 0.0484375
10 0.3796875 0.634375 0.03125 0.05625
10 0.40625 0.7953125 0.0359375 0.040625
10 0.3625 0.98359375 0.046875 0.0328125
10 0.878125 0.95703125 0.075 0.0859375
10 0.9183394343749999 0.6580010078125 0.9237642046874999 0.59070403125 0.8923008375 0.560906940625 0.89000865625 0.641259784375 0.893940475 0.6565068390625 0.895229909375 0.66903795 0.90430768125 0.6840472515625 0.9140275578124999 0.6775269734375 0.9183394343749999 0.6580010078125
10 0.5803722078125 0.6409987328125 0.5817980046875 0.6506475171874999 0.5867175031249999 0.658064296875 0.5992095609375 0.6566057 0.603385075 0.6399620609375 0.5874319515625 0.608484709375 0.5803722078125 0.6409987328125
10 0.7015767015625001 0.6405746359375 0.7026676015625 0.617516025 0.6907382359375001 0.583209153125 0.68017771875 0.5756692828125 0.667100503125 0.5815392421875 0.6657541203124999 0.586126346875 0.6799102171875 0.6370242046875 0.6871133953124999 0.643913753125 0.7015767015625001 0.6405746359375