10 0.32127809531249996 0.55 0.31989812500000003 0.5339077999999999 0.324101334375 0.492387475 0.3197862640625 0.4846730265625 0.308983421875 0.48296202343749994 0.2979856828125 0.4924697671875 0.293160996875 0.502955225 0.28379424375 0.55 0.32127809531249996 0.55
10 0.07890625 0.290625 0.0375 0.08125
10 0.18046875 0.09921875 0.03125 0.059375
10 0.73125 0.5234375 0.04375 0.053125
10 0.7148971312500001 0.3256296796875 0.7307643015625 0.3253303890625 0.7351544484375 0.31758851093749996 0.74167255 0.2764348296875 0.7403241859375 0.26497165625 0.735454753125 0.25576320625000004 0.7285100703125 0.2546632765625 0.7216852078125 0.2578009296875 0.7148827171875001 0.2707855359375 0.707810253125 0.3104452125 0.7148971312500001 0.3256296796875
10 0.651562490625 0.111230496875 0.6461386984375 0.1005280421875 0.6361522328125 0.11863316406249999 0.6326759125 0.14058179375 0.6360020796875 0.149545815625 0.641620771875 0.149029528125 0.6472170890625 0.138666284375 0.651562490625 0.111230496875
10 0.24921875 0.7546875 0.0234375 0.0375
10 0.0625 0.68828125 0.021875 0.046875
10 0.00703125 0.80859375 0.0140625 0.0234375
10 0.7847152625 0.94865995625 0.7924619093749999 0.9147318656250001 0.7844835796874999 0.895187603125 0.7710287515625 0.8902441640625 0.7636719000000001 0.9017347671875001 0.7521869171875 0.9392893687499999 0.7624801421875 0.9592002749999999 0.7847152625 0.94865995625
10 0.69290208125 0.59944220625 0.7038998203125 0.5899344640625 0.7009858203125 0.5683799078125 0.693921315625 0.5630423953125 0.6852384703125 0.57291678125 0.6820768687500001 0.58788425 0.68617466875 0.5969704859375 0.69290208125 0.59944220625