10 0.2140625 0.4796875 0.03125 0.0359375
10 0.171875 0.1921875 0.028125 0.0390625
10 0.221875 0.21796875 0.1390625 0.2296875
10 0.55390625 0.4859375 0.03125 0.078125
10 0.465625 0.53125 0.0390625 0.0890625
10 0.42890625 0.4671875 0.0296875 0.05625
10 0.44140625 0.396875 0.025 0.0453125
10 0.74375 0.28515625 0.025 0.053125
10 0.67890625 0.125 0.028125 0.0515625
10 0.6671875 0.0390625 0.053125 0.078125
10 0.63671875 0.62109375 0.0265625 0.0234375
10 0.6828125 0.89921875 0.0375 0.059375
10 0.9734375 0.8390625 0.040625 0.0390625
10 0.66484375 0.68203125 0.0390625 0.078125