10 0.1375 0.27265625 0.0421875 0.084375
10 0.03203125 0.17421875 0.03125 0.04375
10 0.0515625 0.29609375 0.0328125 0.05
10 0.02578125 0.23828125 0.03125 0.040625
10 0.5235519546875 0.2914420921875 0.5117674109375 0.29995513749999997 0.506047215625 0.3099801953125 0.49359199218749994 0.3817851015625 0.4926315625 0.4025396203125 0.5093085203125 0.406697653125 0.5243752015625 0.39470871406249997 0.5299233203125 0.37891512031249996 0.5299849062499999 0.34314528125 0.5377908546875 0.3021492875 0.5341645640625 0.2940881125 0.5235519546875 0.2914420921875
10 0.7078125 0.04765625 0.053125 0.0953125
10 0.828125 0.4109375 0.05 0.1015625
10 0.45078125 0.07890625 0.0421875 0.078125
10 0.05234375 0.8484375 0.0421875 0.0703125
10 0.25078125 0.6671875 0.0390625 0.0609375
10 0.20546875 0.50703125 0.0390625 0.0359375
10 0.57265625 0.61953125 0.05 0.0890625
10 0.678125 0.97265625 0.05 0.0546875