10 0.049738954687499996 10 0.0430572375 0.018007224999999998 0.038697421875 0.0454155828125 0.0403157609375 0.060627478125 0.046249171875 0.0681249296875 0.0651804953125 0.077782315625 0.154494853125 0.052386699999999994 0.1856221296875 0.029176001562499998 0.2029159296875 10 0.049738954687499996 0
10 0.4788216828125 0.409375 0.4803371796875 0.3917023796875 0.46641748125 0.358752003125 0.455517190625 0.354853634375 0.44678960156249997 0.36467315624999996 0.44819067187500006 0.378513265625 0.4446248609375 0.395952453125 0.4462978875 0.409375 0.4788216828125 0.409375
10 0.7880068421875001 0.10351842656250002 0.7745072703125 0.128155775 0.797611471875 0.14418325 0.8053501593749999 0.1331141515625 0.8050578125 0.1162860359375 0.7986898625000001 0.1060450078125 0.7880068421875001 0.10351842656250002
10 0.9396314671875 0.34668174218750003 0.9372414953125 0.331592059375 0.92756975 0.3204680984375 0.9147891046875 0.31967995312499997 0.91177765625 0.3356251359375 0.9144823453125 0.35769598125 0.9224910078124999 0.3733019515625 0.935196575 0.35863377343749997 0.9396314671875 0.34668174218750003
10 0.5962498984375 10 0.592400728125 0.01215985625 0.5944536078125 0.0301153328125 0.6003870171875 0.03761278125 0.614418578125 0.0213283859375 0.6085362375 10 0.5962498984375 0
10 0.35078125 0.87578125 0.04375 0.0828125
10 0.26950141250000004 0.677950371875 0.2844995015625 0.672762503125 0.28628240781250003 0.6640429109375 0.2797643046875 0.6228892281249999 0.27493961875 0.612403771875 0.26746294531250003 0.6051507515625 0.2605182625 0.6062506812499999 0.2549970203125 0.6113437656249999 0.25253993124999996 0.6257949453125 0.2580691328125 0.66569905 0.26950141250000004 0.677950371875
10 0.14301360000000002 0.4936161125 0.13454802500000002 0.48511351718749995 0.1306451234375 0.5054184984375001 0.13412144374999999 0.527367128125 0.1400548546875 0.5348645765625 0.1452390046875 0.5326372859374999 0.14735900156249998 0.5210519 0.14301360000000002 0.4936161125
10 0.1248244828125 0.7233641703125 0.1201196171875 0.7086411312500001 0.1136318453125 0.7026376843750001 0.105795709375 0.7080974125 0.10058918593749999 0.72017165625 0.1010013546875 0.732762190625 0.10901001562499998 0.7483681625 0.119161046875 0.742541790625 0.1248244828125 0.7233641703125
10 0.0482113421875 0.8489320921874999 0.0489606015625 0.8586568343749998 0.0533507484375 0.8663987125 0.065914121875 0.8658150703124999 0.071240465625 0.8495032437500001 0.061568720312500005 0.8383792828125 0.0482113421875 0.8489320921874999
10 0.21685043906249998 1 0.21686891406250003 0.9998694875 0.20856790468750003 0.9674354015625 0.19385420312499999 0.9444541953125001 0.190984946875 0.9463148421875001 0.18691747812499998 0.9905513156249999 0.18758714999999998 1 0.21685043906249998 1
10 0.5397682015624999 0.87279238125 0.5367264203125 0.8535873296875 0.528717759375 0.8379813578124999 0.5206643515625 0.842069296875 0.517652903125 0.85801448125 0.520597234375 0.8716101593750001 0.528291178125 0.8802349703125 0.5364420328125 0.8817564046874999 0.5397682015624999 0.87279238125