10 0.14660184375000002 0.4890625 0.1497127515625 0.4777343125 0.1472790109375 0.44204730937500003 0.152206209375 0.40060666562499997 0.14802643124999998 0.392818084375 0.13725509687499998 0.39091880625000003 0.1260931 0.4002331640625 0.1210861515625 0.410632821875 0.1136701265625 0.4831316484375 0.1138099453125 0.4890625 0.14660184375000002 0.4890625
10 0.28828125 0.13671875 0.0453125 0.0890625
10 0.00625 0.015625 0.0125 0.03125
10 0.41875 0.471875 0.046875 0.034375
10 0.0421875 0.1875 0.0375 0.078125
10 0.971875 0.01640625 0.040625 0.0328125
10 0.92265625 0.2875 0.0390625 0.0578125
10 0.25390625 0.7046875 0.040625 0.0609375
10 0.36171875 0.92109375 0.04375 0.0625
10 0.20546875 0.9734375 0.0390625 0.053125
10 0.1078125 0.60390625 0.0234375 0.034375
10 0.6290525984374999 1 0.6331672687500001 0.9850166703125 0.630733528125 0.9493296656249999 0.6356607249999999 0.9078890218750001 0.6314809484375 0.900100440625 0.6207096140624999 0.8982011640625001 0.6095476171875001 0.9075155203125 0.60454066875 0.9179151796875 0.59712464375 0.9904140046875 0.59735063125 1 0.6290525984374999 1
10 0.77890625 0.63359375 0.0453125 0.0890625
10 0.9125 0.97578125 0.046875 0.0484375