10 10 0.34603937500000004 0.0083663953125 0.3453074109375 0.0187090046875 0.3290664125 0.0188129640625 0.3123269890625 0.007225674999999999 0.2784858875 0.0012593531249999999 0.23718204843750001 10 0.23584193125000003 10 0.34603937500000004
10 0.28203125 0.2546875 0.040625 0.0671875
10 0.940625 0.33046875 0.03125 0.0640625
10 0.75703125 0.159375 0.025 0.040625
10 0.334375 0.5171875 0.009375 0.0625
10 0.76640625 0.6984375 0.03125 0.0609375
10 0.82578125 0.85234375 0.021875 0.040625
10 0.9609375 0.93515625 0.01875 0.0296875
10 0.5765625 0.9015625 0.028125 0.0609375
10 0.446875 0.86875 0.028125 0.0453125
10 0.36328125 0.62109375 0.0375 0.1015625
10 0.3625 0.471875 0.025 0.0421875
10 0.60390625 0.5265625 0.0234375 0.0453125