10 0.194975909375 0.119963421875 0.1881159046875 0.1327809015625 0.18736932343749998 0.14429893124999998 0.20077228749999998 0.22238534062499998 0.21588679531250002 0.23337182812499999 0.23269870625000003 0.229798346875 0.2409849453125 0.21241795937500002 0.23904810625 0.19579063593749998 0.22342299375 0.1636139203125 0.2124674734375 0.12334506249999999 0.20567439843750002 0.11768938749999999 0.194975909375 0.119963421875
10 0.0296875 0.35 0.0296875 0.0703125
10 0.6219753640625 0.37804172343750003 0.6212287828124999 0.3895597546875 0.640474 0.47634377656250004 0.6497814484375001 0.50134385 0.6537044578125 0.5047697421875 0.6758656140625 0.50005924375 0.69534335 0.4902394515625 0.6895504296875 0.45171308593750004 0.677288390625 0.4316007828125 0.6606596671875 0.3683992046875 0.6468868703125 0.3599673625 0.6340824921875 0.35984918125 0.6219753640625 0.37804172343750003
10 0.3296875 0.9639225859374999 0.3237720515625 0.9580636265625 0.3127847953125 0.9589791218750001 0.30716438125 0.9701132015624999 0.30709745312500003 0.9885863546875001 0.31963066093750003 0.998701596875 0.3296875 0.9932401890625 0.3296875 0.9639225859374999
10 0.21770655312499998 0.7108242203125 0.2069059421875 0.7088602093749999 0.198042171875 0.7235235203125 0.20274695625 0.7381425796875 0.21871016562499998 0.74184908125 0.22767605781250003 0.73142381875 0.21770655312499998 0.7108242203125
10 0.0355682859375 0.57914880625 0.043787596875 0.5802415734374999 0.050358834374999994 0.56606555625 0.04140708125 0.5239508671875 0.0238309921875 0.5276867796875 0.031831921875 0.57284340625 0.0355682859375 0.57914880625
10 0.0192525328125 0.9645746328125 0.013987812499999999 0.9585940953125001 0.0012010328125 0.969831515625 0.0070608812500000005 0.989884728125 0.019865259375 0.9900029078125 0.0232952609375 0.98359416875 0.0192525328125 0.9645746328125
10 0.58515625 0.7171875 0.025 0.0375
10 0.34375 0.55859375 0.021875 0.0421875
10 0.36640625 0.709375 0.0234375 0.046875
10 0.36171875 0.86640625 0.0203125 0.025