10 0.36484375 0.43046875 0.0296875 0.0609375
10 0.14375 0.64609375 0.04375 0.0890625
10 0.2078125 0.6 0.034375 0.0828125
10 0.05078125 0.75390625 0.0390625 0.0703125
10 0.2625 0.2796875 0.034375 0.0453125
10 0.25625 0.1578125 0.121875 0.1671875
10 0.94921875 0.759375 0.021875 0.0375
10 0.76640625 0.51875 0.0265625 0.0375
10 0.5828125 0.321875 0.0328125 0.053125
10 0.76015625 0.20625 0.025 0.034375
10 0.5328125 0.2265625 0.0203125 0.0359375
10 0.59140625 0.584375 0.0171875 0.0203125
10 0.47265625 0.53515625 0.0265625 0.0796875
10 0.5765625 0.153125 0.0234375 0.0453125
10 0.9734375 0.79453125 0.025 0.0109375