10 0.4296875 0.43493073281249994 0.4260040734375 0.43588363125 0.4111261234375 0.4589895859375 0.4098121640625 0.47423079062499995 0.41269290156249994 0.48128006718750005 0.42103905937499997 0.488520196875 0.4273337234375 0.4873502765625 0.4296875 0.48348777031249995 0.4296875 0.43493073281249994
10 0.36826620781249997 0.186494465625 0.3646583953125 0.2002658328125 0.36905221093749996 0.20875768125 0.3745176296875 0.20894853750000003 0.3834939171875 0.1981441125 0.38075859218749997 0.186930709375 0.36826620781249997 0.186494465625
10 0.30291690781249997 0.3565396171875 0.29003675156250003 0.3672077171875 0.2864774109375 0.379591040625 0.28511497812500003 0.3962202890625 0.2902895671875 0.40473940312499995 0.3011234625 0.40789720156250003 0.30863514375 0.39426215937500003 0.30291690781249997 0.3565396171875
10 0.7918996500000001 0.04514893125 0.7821425890625 0.055926090625 0.7786317203124999 0.066921371875 0.7727457484375 0.14593075312499998 0.78475341875 0.160247425 0.8019304484375 0.160847259375 0.8141752453125001 0.1459877671875 0.8163184515624999 0.1293857828125 0.8089417250000001 0.0943847953125 0.8080535484375 0.05266171562500001 0.8028304875 0.0455306453125 0.7918996500000001 0.04514893125
10 0.56875 0.23515625 0.01875 0.06875
10 0.4359375 0.02265625 0.0125 0.0421875
10 0.1272347671875 1 0.12672656875 0.9901248093749999 0.11091197187499999 0.9728957250000001 0.100078078125 0.9697379265624999 0.0944187734375 0.9750992421875001 0.0866162625 0.9970625390624999 0.086014440625 1 0.1272347671875 1
10 0.18847360468750002 0.6545753421875 0.1929591328125 0.6380551546875 0.1918823 0.6241201953125 0.18504921875 0.6183226375 0.1712428734375 0.6331276 0.1707096859375 0.6483960703125 0.179691203125 0.6598275953125 0.18847360468750002 0.6545753421875
10 0.7953125 0.79375 0.0296875 0.0828125
10 0.70078125 0.953125 0.034375 0.0515625
10 0.86953125 0.6046875 0.0234375 0.0671875
10 0.79765625 0.5078125 0.0171875 0.015625
10 1 0.7372872609375 0.9949864234374999 0.745514453125 0.9941624078124999 0.7691111796875 0.9970431468750001 0.7761604546875001 1 0.7769267359375001 1 0.7372872609375