10 0.3095081109375 10 0.306928584375 0.015322553124999999 0.311168784375 0.037136490625000004 0.31865715781250004 0.046999971875000005 0.325057340625 0.0471707875 0.331136228125 0.037499865625 0.3202528546875 10 0.3095081109375 0
10 0.2724261203125 0.16037339687500002 0.26924597031249997 0.14401294375 0.2630263765625 0.13248795156249998 0.25093662499999997 0.1235188859375 0.24282206093749997 0.1350003875 0.24629536562499998 0.15696339374999999 0.2548437890625 0.17228036093750002 0.2709767515625 0.173389084375 0.2724261203125 0.16037339687500002
10 0.12254254843750001 10 0.120809215625 0.0013507078125 0.1199180125 0.021332318750000002 0.12309816250000001 0.037692771874999996 0.13212032812500002 0.047258115625 0.140319315625 0.0484941625 0.1484338796875 0.037012659375 0.139242865625 0.0020122203125 0.137094440625 10 0.12254254843750001 0
10 0.13637201875 0.15239078281250001 0.1439846984375 0.14242172343749998 0.1339306234375 0.131642078125 0.129120515625 0.1396514890625 0.1317425 0.14904601875 0.13637201875 0.15239078281250001
10 0.005778021875 10 0.0016195828124999998 0.001880675 10 0.008036334374999999 10 0.0202625328125 0.0010215328125 0.027464840624999997 0.0118425046875 0.038095415625000004 0.022342181250000002 0.038884254687499994 0.026859134375 0.025272289062499998 0.0229120890625 0.00906090625 0.015212165625 10 0.005778021875 0
10 0.516470059375 0.3872664046875 0.5196502093750001 0.40362685625 0.5227459343749999 0.4072697625 0.5288529640624999 0.401838021875 0.5267047218750001 0.386691871875 0.521810190625 0.381983734375 0.516470059375 0.3872664046875
10 0.659860734375 0.47321915625 0.6716291906249999 0.47234648437500004 0.674403621875 0.466147653125 0.6706090234375 0.43434290937500003 0.6643612890625 0.4185787328125 0.6602617953125 0.4179607109375 0.6501678375 0.43973115781249994 0.6528742453125 0.46184323281250006 0.659860734375 0.47321915625
10 0.4334222546875 0.6866833890625 0.4263395984375 0.6993791921875 0.4253921140625 0.7108824390625 0.437430240625 0.7891908703125 0.45235070625 0.8004394687499999 0.4692224234375 0.7971599390625 0.47781072968749994 0.7799268140625 0.47616437187500005 0.7632682203125001 0.46110320156249995 0.730823709375 0.45085213749999997 0.6903697859375 0.44415880156250004 0.684596415625 0.4334222546875 0.6866833890625
10 0.13671875 0.5796875 0.040625 0.0828125
10 0.25859375 0.92265625 0.0296875 0.0703125
10 0.078125 0.746875 0.028125 0.0453125
10 0.9421806828125 0.581529915625 0.9390286734375 0.5694086453125 0.9305365328124999 0.56257004375 0.9246663749999999 0.5651259718749999 0.9191175125000001 0.5775236359375 0.921000740625 0.591306415625 0.925630259375 0.5946511828125 0.9373987156249999 0.5937785109375 0.9421806828125 0.581529915625
10 0.9436755218750001 0.88811203125 0.954648940625 0.8831492453124999 0.9578126906249999 0.8584812421875 0.9504767640625001 0.8330244 0.9409527140625 0.8249714984375001 0.927915478125 0.8275056796874999 0.9228685000000001 0.8383909031249999 0.9266349578125 0.8659564640624999 0.9307907328125001 0.8750528531249999 0.9436755218750001 0.88811203125
10 0.8006903015625 0.6843361453125001 0.7908730984375 0.670680690625 0.78034528125 0.66565266875 0.77532644375 0.680777075 0.7752021375 0.7006096171875 0.7770853671875 0.714392396875 0.7937764953124999 0.7224670453125001 0.803661721875 0.7078115921875 0.8006903015625 0.6843361453125001
10 0.7029600546875 0.9572261093750001 0.7061519453125 0.9367972874999999 0.6975190984374999 0.9087627734374999 0.6787078703125 0.88978115625 0.6723639703125001 0.8980887078125 0.6787524109375 0.9350487968750001 0.6868270921875 0.9561173859375 0.6947892078125 0.9602292453124999 0.7029600546875 0.9572261093750001