10 0.04296875 0.50625 0.046875 0.0890625
10 0.09296875 0.20625 0.0359375 0.0921875
10 0.00625 0.2484375 0.0125 0.084375
10 0.8234375 0.44609375 0.0390625 0.0625
10 0.5640625 0.284375 0.0265625 0.046875
10 0.890625 0.14765625 0.0359375 0.0921875
10 0.75546875 0.071875 0.0203125 0.0359375
10 0.790625 0.1859375 0.0375 0.084375
10 0.24296875 0.95859375 0.0328125 0.04375
10 0.165625 0.815625 0.0296875 0.0328125
10 0.39453125 0.71953125 0.0265625 0.0328125
10 0.421875 0.82890625 0.025 0.0296875
10 0.603125 0.7859375 0.028125 0.0609375
10 0.65703125 0.91875 0.028125 0.053125
10 0.85859375 0.96640625 0.0421875 0.0671875
10 0.83828125 0.7109375 0.03125 0.0578125