10 0.15546875 0.215625 0.028125 0.0828125
10 0.0640625 0.384375 0.0328125 0.05
10 0.428125 0.425 0.04375 0.109375
10 0.3734375 0.16953125 0.028125 0.053125
10 0.2359375 0.02578125 0.021875 0.0515625
10 0.3734375 0.0140625 0.028125 0.028125
10 0.05625 0.03515625 0.021875 0.0546875
10 0.30546875 0.68046875 0.0171875 0.0484375
10 0.09453125 0.778125 0.0171875 0.0234375
10 0.21015625 0.79921875 0.0125 0.0265625
10 0.12265625 0.6421875 0.01875 0.04375
10 0.00546875 0.61796875 0.0109375 0.0453125
10 0.12109375 0.48671875 0.0109375 0.0140625
10 0.6375 0.79921875 0.01875 0.0359375