10 0.14765625 0.3203125 0.028125 0.0546875
10 0.15703125 0.2421875 0.11875 0.1109375
10 0.57578125 0.29296875 0.0421875 0.059375
10 0.74296875 0.43203125 0.0296875 0.0140625
10 0.82421875 0.22421875 0.0328125 0.053125
10 0.6328125 0.0703125 0.0265625 0.0421875
10 0.89140625 0.0390625 0.01875 0.0296875
10 0.26171875 0.77578125 0.04375 0.1
10 0.2125 0.48671875 0.03125 0.0921875
10 0.0421875 0.91484375 0.034375 0.078125
10 0.134375 0.5703125 0.034375 0.084375
10 0.77421875 0.58515625 0.028125 0.0453125
10 0.709375 0.80078125 0.0359375 0.0484375