10 0.3796875 0.05390625 0.0390625 0.084375
10 0.26875 0.21015625 0.0390625 0.0546875
10 0.3828125 0.4125 0.040625 0.084375
10 0.6234375 0.3046875 0.059375 0.134375
10 0.6015625 0.034375 0.034375 0.05625
10 0.9844540687500001 0.26256325937499997 0.9736239375 0.27226148906250003 0.9689829828125 0.2828295515625 0.9548705249999999 0.3607908578125 0.965315915625 0.37628424374999997 0.9823361484375 0.37867628125 0.9960671078125 0.365178121875 0.999933953125 0.3488911109375 0.9962562359374999 0.3133107859375 0.9997341750000001 0.271723428125 0.9952851265625 0.2640854640625 0.9844540687500001 0.26256325937499997
10 0.73046875 0.06796875 0.0359375 0.08125
10 0.74296875 0.421875 0.0265625 0.0703125
10 0.95859375 0.03203125 0.0265625 0.0640625
10 0.90703125 0.853125 0.0453125 0.0921875
10 0.8953125 0.6375 0.0375 0.05625
10 0.72265625 0.6421875 0.0453125 0.065625
10 0.72734375 0.9296875 0.040625 0.06875