10 0.11328125 0.43828125 0.0296875 0.0421875
10 0.03984375 0.2984375 0.0265625 0.0515625
10 0.2234375 0.33828125 0.025 0.0375
10 0.6407711859375 0.398743746875 0.6483516218750001 0.3968537328125 0.650797828125 0.3905181921875 0.6454217859375 0.368956065625 0.6343173984375 0.3502535828125 0.6236187515625 0.3557838703125 0.6206644640625 0.3665403109375 0.6251964250000001 0.3911757078125 0.6284785640624999 0.394651603125 0.6407711859375 0.398743746875
10 0.4625 0.865625 0.0359375 0.0671875
10 0.32421875 0.9859375 0.0359375 0.028125
10 0.3609375 0.6453125 0.0359375 0.0796875
10 0.2125 0.74375 0.0296875 0.053125
10 0.2171875 0.5296875 0.03125 0.0625
10 0.171875 0.88046875 0.021875 0.0296875
10 0.96953125 0.5984375 0.0265625 0.0375
10 0.74296875 0.46953125 0.0234375 0.0203125
10 0.77109375 0.6109375 0.025 0.046875
10 0.76640625 0.74453125 0.0203125 0.025
10 0.64453125 0.6296875 0.021875 0.028125