10 0.7390625 0.440625 0.0265625 0.0375
10 0.70234375 0.18203125 0.0140625 0.021875
10 0.6125 0.203125 0.0234375 0.0421875
10 0.57265625 0.35390625 0.025 0.046875
10 0.509375 0.475 0.0203125 0.025
10 0.61953125 0.52109375 0.015625 0.0265625
10 0.46328125 0.3109375 0.0234375 0.0375
10 0.46796875 0.0609375 0.0203125 0.0234375
10 0.85078125 0.41015625 0.015625 0.021875
10 0.753125 0.98984375 0.046875 0.0203125
10 0.709375 0.81640625 0.04375 0.0328125
10 0.50078125 0.8875 0.046875 0.0875
10 0.93046875 0.96171875 0.0375 0.05625