10 0.2668357796875 0.11350545781250002 0.26828837499999997 0.0969022140625 0.2654864359375 0.08410932812500001 0.25633723124999996 0.072155321875 0.24537228125000002 0.0809553734375 0.242657209375 0.10302494375 0.24665255312499998 0.120104821875 0.261854946875 0.125617440625 0.2668357796875 0.11350545781250002
10 0.13986141875 0.0559235 0.1320786484375 0.0552425953125 0.124884034375 0.065766703125 0.12379458750000001 0.07821913593749999 0.1333069421875 0.08602233125 0.14984088125 0.0763153078125 0.14781721875 0.0635905125 0.13986141875 0.0559235
10 0.5617297625 0.2961600578125 0.5468207421875 0.23351114062499997 0.5428595796875 0.1801852046875 0.538674115625 0.17424224531250002 0.5301130671875001 0.1734932515625 0.5223822765625 0.181182059375 0.50935948125 0.213503375 0.48682433437499995 0.2380214953125 0.4836421546875 0.24750244999999998 0.47777979375 0.305545715625 0.4851823234375 0.3285004609375 0.4960091328124999 0.3392070453125 0.52828164375 0.337847940625 0.542670871875 0.316799728125 0.5619547703125 0.311515878125 0.5617297625 0.2961600578125
10 0.2453125 0.6625 0.0234375 0.096875
10 0.0359375 0.8109375 0.0203125 0.0328125
10 0.1828125 0.66875 0.0203125 0.0453125
10 0.0859375 0.9265625 0.01875 0.0375
10 0.7945792203125001 0.68029005 0.8023619906250001 0.6809709546875 0.806737575 0.675776990625 0.80867436875 0.65363933125 0.8042638968750001 0.6323405515625 0.792347640625 0.634086403125 0.7860523546875 0.6432949953125 0.7823169062499999 0.6680636812499999 0.7842885890625 0.672418765625 0.7945792203125001 0.68029005
10 0.6370048015625001 0.733425396875 0.638336346875 0.7182057546875 0.6316430234375 0.7050724171875 0.6194326890624999 0.7012157640625001 0.612653203125 0.7159587703125 0.6099381312500001 0.7380283421875 0.613933475 0.75510821875 0.6298101875000001 0.743949503125 0.6370048015625001 0.733425396875
10 0.7344474953125 0.95526224375 0.736453359375 0.9233712671875001 0.7310225109374999 0.9047716046875 0.71502475 0.9173139234375001 0.7083663125 0.930673328125 0.708228171875 0.9501799609375 0.7192280109375 0.9678726531249999 0.7262325046875 0.9684854671875 0.7344474953125 0.95526224375
10 0.47049050625 0.9335631937500001 0.4724273 0.911425534375 0.469988509375 0.8944818359375001 0.464730690625 0.8828682828125001 0.4493381765625 0.888492584375 0.4446863109375 0.9326998124999999 0.45449274375000004 0.9461055125 0.4648524453125 0.9442234812500001 0.47049050625 0.9335631937500001
10 0.2890625 0.8108581671875001 0.2904478921875 0.8132469390624999 0.29601688125000003 0.8123399687500001 0.3006345640625 0.8043787984375002 0.3017411015625 0.7738033359375001 0.2979187875 0.763709565625 0.2903090453125 0.7700147718749999 0.2890625 0.7733121546875 0.2890625 0.8108581671875001