10 0.22028385625000002 0.05755824375 0.23630987343749998 0.0530807625 0.2396650890625 0.0401592625 0.2343795328125 0.0197667078125 0.22409071875 0.004089634375 0.21136883750000002 0.0026336796875 0.2066989609375 0.0254691328125 0.20979878593749998 0.0474879546875 0.22028385625000002 0.05755824375
10 0.68125 0.128125 0.0171875 0.0375
10 0.82734375 0.0578125 0.01875 0.040625
10 0.2561534 0.44027294687499996 0.251568940625 0.41049644374999994 0.22979387031249998 0.3876473890625 0.2300740390625 0.42020385625 0.23211840156250002 0.43581643281249993 0.23187106562499998 0.44841128125 0.2390519984375 0.46441500625 0.249494046875 0.4591278843750001 0.2561534 0.44027294687499996
10 0.156752421875 0.5857192078125 0.1569917 0.595469834375 0.16097065156249998 0.6034308640624999 0.173547353125 0.6035055390625 0.17972009375 0.587494825 0.17064378593750001 0.5758799296875 0.156752421875 0.5857192078125
10 0.3493103546875 0.781013115625 0.342718190625 0.7481890375 0.329227396875 0.7244692703125 0.32626469375 0.726177203125 0.3198876421875 0.7701401765625 0.3202210203125 0.788260146875 0.3355561125 0.8145791484375 0.3462454953125 0.796697178125 0.3493103546875 0.781013115625
10 0.4594988671875 0.384452509375 0.4663974984375 0.3753481984375 0.46369018593750005 0.3421158046875 0.45287173750000004 0.3139255453125 0.44990903437499996 0.315633478125 0.44616130624999994 0.33976854687499997 0.43809319062499996 0.3601680890625 0.437700678125 0.3713816578125 0.4436691046875 0.38332320468750003 0.4594988671875 0.384452509375
10 0.828125 0.50546875 0.0359375 0.084375
10 0.75703125 0.6765625 0.0375 0.053125
10 0.9125 0.85703125 0.0375 0.084375
10 0.875 0.32578125 0.028125 0.0328125