10 0.13203125 0.0673611109375 0.1375 0.060416667187499995 0.1359375 0.0395833328125 0.128125 0.032638889062499996 0.1171875 0.046527778125 0.115625 0.060416667187499995 0.11953125 0.0673611109375 0.13203125 0.0673611109375
10 0.06171875 0.5145833328125 0.06328125 0.5298611109375 0.07734375 0.5298611109375 0.078125 0.51319444375 0.06640625 0.5076388890625 0.06171875 0.5145833328125
10 0.2453125 0.6465277781250001 0.2578125 0.6479166671875001 0.2625 0.6395833328125 0.26328125 0.6104166671875 0.2546875 0.59375 0.24296875 0.5868055562500001 0.2375 0.6006944437499999 0.2375 0.6326388890625 0.2453125 0.6465277781250001
10 0.39375 0.43819444374999994 0.3984375 0.43958333281249995 0.40859375 0.43263888906250003 0.41484375 0.41180555625000004 0.40859375 0.39791666718749996 0.39453125 0.39097222187499997 0.3890625 0.40208333281249997 0.38828125 0.42291666718750004 0.39375 0.43819444374999994
10 0.309375 0.1923611109375 0.315625 0.1854166671875 0.3140625 0.16875 0.30234375 0.16458333281249998 0.290625 0.171527778125 0.28984375 0.18680555625 0.29609375 0.1923611109375 0.309375 0.1923611109375
10 0.5578125 0.35069444375000003 0.5734375 0.353472221875 0.57734375 0.346527778125 0.5765625 0.3145833328125 0.571875 0.3048611109375 0.56171875 0.303472221875 0.5546875 0.31875 0.553125 0.340972221875 0.5578125 0.35069444375000003
10 0.50625 0.5979166671875 0.50234375 0.615972221875 0.50234375 0.6298611109375 0.50625 0.640972221875 0.51640625 0.6479166671875001 0.525 0.6479166671875001 0.53125 0.6354166671875 0.528125 0.5895833328125 0.525 0.57569444375 0.52109375 0.57430555625 0.50625 0.5979166671875
10 0.990625 0.31875 0.01875 0.075
10 0.8125 0.08515625 0.01875 0.03125
10 0.875 0.01328125 0.01875 0.0265625
10 0.92421875 0.44453125 0.021875 0.0359375
10 0.8890625 0.65 0.015625 0.0375
10 0.54609375 0.976909721875 0.55703125 0.989409721875 0.57109375 0.989409721875 0.58125 0.9755208328125 0.584375 0.9366319437499999 0.57265625 0.926909721875 0.5625 0.9366319437499999 0.55 0.9602430562500001 0.54609375 0.976909721875
10 0.453125 0.864409721875 0.45390625 0.8463541671874999 0.45 0.839409721875 0.44140625 0.839409721875 0.43359375 0.84774305625 0.43125 0.8602430562500001 0.4453125 0.8755208328125 0.453125 0.864409721875
10 0.53828125 0.68524305625 0.53125 0.682465278125 0.52265625 0.6935763890625 0.52265625 0.69913194375 0.5359375 0.7032986109375 0.5390625 0.69774305625 0.53828125 0.68524305625