10 0.222537521875 0.38842269375 0.2205070140625 0.3606202625 0.21688849999999998 0.3527561703125 0.19916334687499998 0.3457201484375 0.1902184875 0.35416788125 0.1878812203125 0.364381478125 0.1978453140625 0.39233355468750003 0.222537521875 0.38842269375
10 0.984375 0.31484375 0.03125 0.0921875
10 0.91484375 0.1 0.0375 0.078125
10 0.7546875 0.175 0.046875 0.0796875
10 0.8421875 0.43046875 0.040625 0.0390625
10 0.7 0.31015625 0.028125 0.0390625
10 0.10256759687499999 0.7241174671875 0.11626206718750001 0.7106988640624999 0.11365482499999999 0.69423739375 0.105091803125 0.680125425 0.093756971875 0.6734834765625 0.0811935984375 0.67406711875 0.08409318593750001 0.70735670625 0.08814624062500001 0.7179643765625 0.10256759687499999 0.7241174671875
10 0.747502834375 0.491135990625 0.7391347093749999 0.4882427671875 0.7346774453125 0.5100417515625 0.7381537671875 0.53199038125 0.7452933484375001 0.5421091953125 0.7516836703124999 0.5425032703125 0.7580963640625 0.5330503875 0.747502834375 0.491135990625
10 0.6917296000000001 0.6434021640625 0.689122359375 0.6269406906249999 0.6833087703125 0.6152056578125 0.6715394 0.60582013125 0.66302908125 0.61701144375 0.665733771875 0.6390822875 0.6737424328125 0.6546882593750001 0.6898268734374999 0.6563593390625 0.6917296000000001 0.6434021640625
10 0.5799166015624999 0.5317410578125 0.571952684375 0.496441178125 0.5634871109375 0.48793858125 0.5535533499999999 0.49513674218750003 0.5519653421874999 0.515075078125 0.5545725828125 0.5315365515625 0.5632554265625 0.5414109359375 0.5714062828124999 0.542932371875 0.5799166015624999 0.5317410578125
10 0.558933903125 0.64896671875 0.5668898609374999 0.6392694078125001 0.5572181140625 0.6281454484375 0.5521314125 0.6359821109375 0.5544239359375001 0.645462421875 0.558933903125 0.64896671875
10 0.928406215625 0.8941875906250001 0.9310134578125 0.9106490609375001 0.9339801624999999 0.9143977875000001 0.9402730359374999 0.9091824890625 0.938654696875 0.8939705921875 0.9339274578125 0.88909450625 0.928406215625 0.8941875906250001