10 0.1484375 0.54375 0.01875 0.0359375
10 0.1109375 0.29609375 0.01875 0.0328125
10 0.0203125 0.32890625 0.015625 0.028125
10 0.915625 0.5671875 0.05625 0.04375
10 0.9145414640624999 0.3479910484375 0.930374340625 0.3490758125 0.9354225296875001 0.3417460203125 0.945502609375 0.30131703125 0.94515845625 0.28977996250000004 0.9411101234375 0.280182153125 0.9342877312500001 0.27848114062499996 0.9272153750000001 0.28101202812500004 0.9193070875 0.29335434843749997 0.9088049687499999 0.3322467015625 0.9145414640624999 0.3479910484375
10 0.870133953125 0.12888774375 0.8656635796875001 0.11775329999999999 0.85413715 0.1349191484375 0.8487611078124999 0.156481275 0.8512933531249999 0.16570108125 0.8569356609375 0.165676459375 0.8634139000000001 0.155840403125 0.870133953125 0.12888774375
10 0.75537504375 0.3426601921875 0.7567969421875 0.327269225 0.7531706515625001 0.3192080484375 0.7438241640625 0.32117193125 0.7343137515625 0.33025198125 0.7297736406249999 0.342002675 0.7310479140625 0.35949728125 0.74266853125 0.358100403125 0.75537504375 0.3426601921875
10 0.6108841921875 0.4593180765625 0.6077741296875 0.46856250624999995 0.6087902890625 0.47740430937499995 0.6205829828125 0.48177596562499997 0.631859446875 0.46884201875000003 0.6273030359375 0.45482330624999995 0.6108841921875 0.4593180765625
10 0.2127409046875 0.6385007875 0.206168478125 0.632567875 0.193548003125 0.6508923531249999 0.1881719609375 0.6724544796874999 0.1907902453125 0.6845585546875 0.196518590625 0.6874181984375001 0.206115040625 0.6812224171875 0.2127409046875 0.6385007875
10 0.09714002656250001 0.765224565625 0.10117205781250001 0.7490529718750001 0.1004058640625 0.7359792671875 0.0932393203125 0.722741184375 0.0810327359375 0.729717596875 0.07489865 0.751090721875 0.0761729234375 0.768585328125 0.0903257859375 0.7764082562500001 0.09714002656250001 0.765224565625
10 0.017860334375000002 0.5890625 0.0218993140625 0.6012565796875 0.028807743749999996 0.6058418609375 0.041014328125 0.59886545 0.0427934390625 0.5890625 0.017860334375000002 0.5890625
10 0.55078125 0.92421875 0.04375 0.0828125
10 0.67734375 0.74609375 0.0359375 0.0609375
10 0.69765625 0.60703125 0.0328125 0.0359375
10 0.8213013281249999 0.76909846875 0.8274435640625001 0.760610046875 0.8301315859375 0.7498289828125 0.8176587359375 0.7352678890625001 0.8055381890625 0.74512856875 0.7999040328125 0.75803789375 0.8081646234375001 0.7701173453125 0.8213013281249999 0.76909846875