10 0.3078125 0.10390625 0.0390625 0.084375
10 0.37578125 0.47890625 0.0484375 0.0703125
10 0.234375 0.41796875 0.0375 0.059375
10 0.1953125 0.0234375 0.0296875 0.0421875
10 0.22265625 0.140625 0.03125 0.05
10 0.19140625 0.084375 0.0296875 0.040625
10 0.01796875 0.1609375 0.0265625 0.0328125
10 0.65078125 0.17734375 0.040625 0.0625
10 0.8328125 0.46484375 0.0421875 0.071875
10 0.63671875 0.45390625 0.0453125 0.0546875
10 0.95234375 0.06875 0.0234375 0.0328125
10 0.56171875 0.7078125 0.0484375 0.0890625