10 0.55 10 0.4386341890625 10 0.435941625 0.020127153124999998 0.4359077328125 0.049335621875 0.4398329296875 0.1242328375 0.4465298953125 0.147525378125 0.4612467203125 0.1745700015625 0.47685030624999997 0.17375225156250002 0.50043495625 0.146091128125 0.5237676484375 0.14347751875 0.546683603125 0.147839725 0.55 0.142033759375 0.55 0
10 0.390661071875 0.3 0.391040384375 0.297857721875 0.3809852375 0.2552700484375 0.3826133828125 0.196771334375 0.37769484375 0.1775579734375 0.362270528125 0.151941225 0.3488621015625 0.14986234062499998 0.3418598859375 0.1655280546875 0.330229884375 0.167528353125 0.3197967984375 0.1625119484375 0.30856413437499997 0.142238703125 0.30624299375 0.15765909375 0.2922385609375 0.1889905234375 0.29977390000000004 0.258135359375 0.2969827328125 0.29444230625 0.29810539375 0.3 0.390661071875 0.3
10 0.69609375 0.190625 0.025 0.0671875
10 0.67890625 0.03046875 0.0234375 0.05625
10 0.6140625 0.078125 0.01875 0.0609375
10 0.8359375 0.159375 0.0296875 0.0515625
10 0.55625 0.05234375 0.0125 0.0453125
10 0.5203125 0.9625 0.021875 0.034375
10 0.34140625 0.48984375 0.0203125 0.0359375
10 0.1453125 0.31484375 0.015625 0.0296875
10 0.14453125 0.4640625 0.0171875 0.0453125
10 0.11484375 0.59453125 0.0171875 0.0234375
10 0.0171875 0.45859375 0.0171875 0.0265625
10 0.88828125 0.7046875 0.0390625 0.0765625
10 0.93359375 0.49375 0.0203125 0.0625
10 0.9125 0.34453125 0.0171875 0.05625
10 0.68984375 0.48046875 0.0203125 0.0328125
10 0.74765625 0.4 0.0203125 0.0375
10 0.946875 0.97421875 0.034375 0.0515625
10 0.8203125 0.8328125 0.025 0.0375