10 0.32421875 0.24296875 0.025 0.0828125
10 0.4859375 0.5890625 0.0453125 0.0640625
10 0.3296875 0.565625 0.028125 0.05625
10 0.19609375 0.19140625 0.0234375 0.0390625
10 0.25078125 0.29921875 0.0234375 0.046875
10 0.20625 0.25234375 0.0234375 0.0359375
10 0.05703125 0.36875 0.021875 0.0296875
10 0.11484375 0.02734375 0.0484375 0.0546875
10 0.17109375 0.43515625 0.0203125 0.03125
10 0.7265625 0.584375 0.0265625 0.05
10 0.31796875 0.92734375 0.0359375 0.05
10 0.184375 0.953125 0.025 0.0328125
10 0.55703125 0.984375 0.0203125 0.03125
10 0.72109375 0.83828125 0.03125 0.065625
10 0.81328125 0.82578125 0.021875 0.04375