10 0.03671875 0.39296875 0.0296875 0.0671875
10 0.19765625 0.17734375 0.0296875 0.05625
10 0.1203125 0.02265625 0.028125 0.0453125
10 0.63203125 0.24296875 0.0265625 0.0828125
10 0.6078125 0.54765625 0.028125 0.0234375
10 0.50859375 0.18125 0.025 0.040625
10 0.553125 0.29296875 0.025 0.0484375
10 0.5140625 0.24296875 0.025 0.0375
10 0.3625 0.34453125 0.00625 0.0296875
10 0.4453125 0.01875 0.05 0.0375
10 0.4625 0.42109375 0.0203125 0.0328125
10 0.0171875 0.78828125 0.0296875 0.0609375
10 0.07578125 0.803125 0.0203125 0.04375
10 0.30859375 0.7015625 0.025 0.0515625
10 0.8328125 0.7875 0.028125 0.05
10 0.69921875 0.925 0.0171875 0.0359375
10 0.58125 0.6515625 0.0234375 0.034375
10 0.45078125 0.99296875 0.0296875 0.0140625
10 0.3953125 0.6828125 0.0140625 0.01875