10 0.62734375 0.4953125 0.0328125 0.06875
10 0.45546875 0.503125 0.0421875 0.053125
10 0.5296875 0.3296875 0.021875 0.0625
10 0.53125 0.1765625 0.0203125 0.05625
10 0.28984375 0.27734375 0.0203125 0.0328125
10 0.36171875 0.20703125 0.0203125 0.0375
10 0.275 0.6046875 0.009375 0.078125
10 0.20703125 0.72265625 0.025 0.0375
10 0.1546875 0.928125 0.01875 0.04375
10 0.52046705 0.7086711125 0.5199479640625 0.687712784375 0.5145690937499999 0.6774828359375 0.50768565 0.6754864171875 0.5000759078125 0.681791621875 0.496582559375 0.703793103125 0.5011831515624999 0.7139549609375 0.5109376046875 0.7189909484375 0.52046705 0.7086711125
10 0.343244171875 0.645763515625 0.344627696875 0.6389135890625 0.338418571875 0.620245834375 0.3253089109375 0.61770469375 0.3224898796875 0.6230348375 0.31911758125 0.6436527125 0.32240371875 0.6509111843750001 0.332400271875 0.6531799640625 0.343244171875 0.645763515625