10 0.41875 0.1015625 0.034375 0.0484375
10 0.8609375 0.1921875 0.03125 0.0609375
10 0.9171875 0.346875 0.0203125 0.040625
10 0.6671875 0.39140625 0.028125 0.0609375
10 0.53828125 0.35703125 0.0265625 0.0453125
10 0.46328125 0.10703125 0.0265625 0.1015625
10 0.7015625 0.01953125 0.021875 0.0390625
10 0.371875 0.965625 0.028125 0.0390625
10 0.36796875 0.88046875 0.1 0.1046875
10 0.5390625 0.940625 0.034375 0.0484375
10 0.68125 0.84609375 0.0359375 0.0578125
10 0.52265625 0.66484375 0.0359375 0.0578125