10 0.10703125 0.4515625 0.0515625 0.1015625
10 0.02109375 0.0078125 0.0296875 0.015625
10 0.1078125 0.1703125 0.0265625 0.0703125
10 0.66953125 0.4265625 0.0484375 0.0921875
10 0.67109375 0.1984375 0.040625 0.078125
10 0.49453125 0.2140625 0.05 0.08125
10 0.5890625 0.0265625 0.028125 0.053125
10 0.48359375 0.4984375 0.04375 0.0703125
10 0.396875 0.32265625 0.0296875 0.0390625
10 0.8390625 0.47890625 0.0296875 0.0546875
10 0.7109375 0.028125 0.0203125 0.04375
10 0.3337708296875 0.8944880796875001 0.344563659375 0.8880966875 0.34745065625 0.8773387875 0.34526253125 0.8599348484375 0.33841674843749997 0.8501148562499999 0.3271783171875 0.8465154437500001 0.31801544531250003 0.8772767 0.3199948390625 0.8875656453125 0.3337708296875 0.8944880796875001
10 0.2777033578125 0.64092595625 0.283449209375 0.6236493390625 0.2807873421875 0.6004937765625 0.268043259375 0.5923570406249999 0.25849106875 0.604649125 0.2513920140625 0.6329817796875 0.25900469375 0.642950840625 0.2777033578125 0.64092595625
10 0.7150057390625 0.8402318531249999 0.7078949437500001 0.8317752328125 0.6996396734375001 0.8414896453124999 0.6943675640625 0.8645178843749999 0.6999164265625 0.8769155484375 0.7065816218750001 0.8753813625 0.712006178125 0.8679464843750001 0.7150057390625 0.8402318531249999
10 0.8574326265625001 0.746236784375 0.8652985781249999 0.7180532015625001 0.86355605625 0.7106400671875 0.8524020484375001 0.6943231046875 0.8420548203125 0.7107053046875 0.8370758640624999 0.7281309890625 0.8405046265625 0.751435621875 0.8515061875000001 0.7521592234375 0.8574326265625001 0.746236784375
10 0.6314116249999999 0.6315585390625 0.6353868125 0.6111079734375 0.6285973125 0.592809615625 0.6152950640625 0.5916388046875001 0.60571473125 0.6081700718749999 0.6040683734375 0.6248286640625 0.609115353125 0.6357138875 0.6205906546875 0.6421891140625 0.6314116249999999 0.6315585390625
10 0.5748044343750001 0.791756215625 0.5766876625 0.7779734359375 0.5698418796875 0.7681534437499999 0.5603741125 0.7677279796875001 0.5492881281249999 0.7797219265625 0.5461642609374999 0.7876040140624999 0.5509462265625 0.799852609375 0.5634815796874999 0.80087435 0.5748044343750001 0.791756215625
10 0.5554301875000001 1 0.55988639375 0.9954295484374999 0.56253651875 0.9817958375 0.5556907343749999 0.9719758468750002 0.540826553125 0.97474608125 0.5336031921875 0.9832461921875 0.5335469093749999 0.99172455625 0.5423883046875 1 0.5554301875000001 1