10 0.0167452375 0.3890625 0.0160013015625 0.384713496875 0.014636218749999999 0.37066688124999997 0.0077621734375000005 0.376914059375 0.0012508 0.3890625 0.0167452375 0.3890625
10 0.412816571875 0.3890625 0.413977371875 0.3822314765625 0.41279189531249993 0.377600178125 0.3992085640625 0.3739605359375 0.3940332203125 0.3812011078125 0.3926973296875 0.3890625 0.412816571875 0.3890625
10 0.42288042031249995 0.06828265312500001 0.414867590625 0.058946203125 0.40401468124999995 0.06322759375 0.39251420625 0.07596276874999999 0.3990534640625 0.08778014375 0.41482930937500007 0.086255734375 0.42288042031249995 0.06828265312500001
10 0.1518762890625 0.231480221875 0.1465581953125 0.2271794765625 0.1320035125 0.2362205140625 0.13178679375 0.2491033953125 0.1431062359375 0.25213643124999996 0.1497908390625 0.24530026249999998 0.1518762890625 0.231480221875
10 0.79921875 0.35078125 0.0453125 0.0765625
10 0.628125 0.33984375 0.0546875 0.08125
10 0.73359375 0.16875 0.03125 0.0640625
10 0.7609375 0.0234375 0.028125 0.046875
10 0.50546875 0.07578125 0.0265625 0.034375
10 0.58828125 0.01875 0.0265625 0.0375
10 0.4265625 0.8390625 0.0375 0.0671875
10 0.2390625 0.89296875 0.0375 0.0625
10 0.440625 0.6125 0.0296875 0.0484375
10 0.2671875 0.6109375 0.0296875 0.053125
10 0.37421875 0.4265625 0.03125 0.0625
10 0.16328125 0.7171875 0.021875 0.0296875
10 0.06953125 0.9203125 0.01875 0.0359375
10 0.98664096875 0.8060711875 0.9959489312500001 0.7985000640625 0.9998674234374999 0.780857534375 0.99296869375 0.7703817234375 0.975754965625 0.7772723875 0.9698963687500001 0.7900814171875 0.9719435375 0.80357090625 0.98664096875 0.8060711875