10 0.0984375 0.34765625 0.025 0.040625
10 0.25234375 0.703125 0.025 0.0625
10 0.08046875 0.52421875 0.021875 0.0390625
10 0.34609375 0.5171875 0.0078125 0.028125
10 0.52109375 0.25 0.0265625 0.065625
10 0.66953125 0.0265625 0.0265625 0.053125
10 0.39921875 0.17734375 0.01875 0.0359375
10 0.40390625 0.24296875 0.021875 0.040625
10 0.35859375 0.440625 0.0171875 0.065625
10 0.44921875 0.3 0.0234375 0.071875
10 0.65703125 0.559375 0.034375 0.065625
10 0.509375 0.55390625 0.028125 0.04375
10 0.49140625 0.9234375 0.0390625 0.059375
10 0.6578125 0.86953125 0.021875 0.053125
10 0.91015625 0.921875 0.028125 0.0546875