10 0.02890625 0.17578125 0.03125 0.0828125
10 0.10234375 0.52734375 0.034375 0.0828125
10 0.31484375 0.37265625 0.0484375 0.13125
10 0.240625 0.11171875 0.0296875 0.0546875
10 0.703055678125 0.3535712359375 0.6942750359375001 0.36515776875 0.6917358296874999 0.37641720156249997 0.692758375 0.45563892343749995 0.7059681328125 0.46885457812500003 0.723132078125 0.467955053125 0.734035190625 0.45208490156250003 0.734723284375 0.4353593015625 0.7243240906249999 0.4011344265625 0.7198028875 0.359647525 0.7139781890625001 0.3529988109375 0.703055678125 0.3535712359375
10 0.48359375 0.01953125 0.0265625 0.0390625
10 0.496875 0.55625 0.0203125 0.06875
10 0.63359375 0.12890625 0.0203125 0.06875
10 0.87734375 0.9859375 0.0203125 0.028125
10 0.9546875 0.7453125 0.01875 0.034375
10 0.77734375 0.73203125 0.025 0.0640625
10 0.615625 0.84140625 0.025 0.0609375
10 0.4890625 0.690625 0.0171875 0.028125
10 0.4640625 0.91875 0.009375 0.034375