10 0.3140625 0.53359375 0.040625 0.0515625
10 0.15078125 0.44296875 0.0328125 0.0484375
10 0.5078125 0.2078125 0.0171875 0.0265625
10 0.22734375 0.18046875 0.0265625 0.0375
10 0.82890625 0.50625 0.0234375 0.0390625
10 0.575 0.36171875 0.028125 0.0375
10 0.6921875 0.05234375 0.0265625 0.034375
10 0.2953125 0.9703125 0.0375 0.059375
10 0.20390625 0.9859375 0.0453125 0.028125
10 0.17265625 0.95078125 0.0328125 0.0578125
10 0.19140625 0.88203125 0.028125 0.046875
10 0.5015625 0.796875 0.0296875 0.0546875
10 0.4515625 0.63203125 0.03125 0.053125
10 0.4484375 0.57265625 0.059375 0.0265625
10 0.6546875 0.6140625 0.025 0.0296875
10 0.83671875 0.584375 0.0296875 0.05
10 0.8859375 0.7125 0.0296875 0.053125