10 0.1605065515625 0.11078432187500001 0.1509499421875 0.08857058125 0.1357338125 0.1327830203125 0.13379701875 0.1549206796875 0.1377403828125 0.1636308453125 0.1433093734375 0.1627238734375 0.14816915625 0.151995496875 0.1605065515625 0.11078432187500001
10 0.06120958125 0.3302800828125 0.0623909765625 0.3001759 0.045375781250000004 0.2735917671875 0.039438734375 0.305603540625 0.0384665171875 0.3213193515625 0.035820515625 0.33363560468750003 0.039815859375 0.3507154828125 0.0510748890625 0.34751793750000004 0.06120958125 0.3302800828125
10 0.298482634375 0.11309630468750001 0.3002983796875 0.0923422484375 0.293916225 0.06668838593750001 0.28037434375000003 0.0780513734375 0.2699975515625 0.098056434375 0.26830285625 0.11742688750000001 0.27523827968750003 0.12779301875 0.2875696640625 0.13026606875 0.298482634375 0.11309630468750001
10 0.0552135984375 10 0.05226937499999999 0.005115393750000001 0.052252284375 0.023238425 0.06786980625 0.0329699453125 0.07739925156250001 0.022650109374999998 0.0839921046875 10 0.0552135984375 0
10 0.2714700609375 0.3142853671875 0.27997913125 0.3066646484375 0.28366259843749997 0.2735262484375 0.2784218703125 0.2437896671875 0.2751877125 0.244900909375 0.2669036515625 0.2678774484375 0.2550913546875 0.286362725 0.252566403125 0.2972953734375 0.25614661875 0.31015635 0.2714700609375 0.3142853671875
10 0.830212765625 0.45 0.8317165984375 0.44227831249999994 0.8323389390625 0.41723726406250006 0.8274962468750001 0.4098426125 0.8121728031250001 0.40571359687499997 0.8071399921874999 0.4094558640625 0.8080564109375 0.390017321875 0.7948947703125 0.37910646875 0.7862995390625 0.41460353281250006 0.7783266484375 0.42505955 0.7795029625 0.44746957031249995 0.7810498328125 0.45 0.830212765625 0.45
10 0.6002847078125 10 0.590930659375 0.03920305625 0.5922280234375 0.060229475 0.6071192468750001 0.07826261718750001 0.626472215625 0.063225453125 0.6417607703125 0.0408617265625 0.6464475234375 0.023147239062499998 0.6433259640625 10 0.6002847078125 0
10 0.29921875 0.53046875 0.0296875 0.05625
10 0.06484375 0.4640625 0.0265625 0.028125
10 0.00625 0.61953125 0.0125 0.0359375
10 0.46659812343749996 0.6772381734375 0.45426674062499994 0.6747651234375001 0.43871899531249997 0.7180190859375 0.42343044062499996 0.7403828140625001 0.42400150625000005 0.7697108531250001 0.44480777656250003 0.8008092453125 0.47078499999999995 0.8086587328124999 0.482286128125 0.80269398125 0.5046653375 0.753066721875 0.5031949453125 0.7250541953124999 0.49207405781249997 0.7087451078125 0.4769927140625 0.701848884375 0.46659812343749996 0.6772381734375