10 0.14921875 0.32890625 0.0375 0.05625
10 0.28984375 0.46328125 0.025 0.0546875
10 0.38984375 0.25625 0.025 0.0625
10 0.228125 0.1265625 0.0234375 0.040625
10 0.46640625 0.10625 0.015625 0.028125
10 0.76939190625 0.5796875 0.768177028125 0.573379525 0.7680171546875 0.5316473 0.7629193437499999 0.524426159375 0.7519968328125 0.523853734375 0.7420531703125001 0.53445896875 0.7383509421875 0.5453913046875 0.739045053125 0.5796875 0.76939190625 0.5796875
10 0.87109375 0.253125 0.0359375 0.0859375
10 0.6328125 0.33359375 0.028125 0.0765625
10 0.78671875 0.02265625 0.0265625 0.0453125
10 0.509375 0.73515625 0.0328125 0.0390625
10 0.49453125 0.88359375 0.03125 0.0359375
10 0.615625 0.7203125 0.021875 0.05625