10 0.6203125 0.31328125 0.0453125 0.0921875
10 0.67421875 0.5484375 0.0296875 0.021875
10 0.609375 0.08515625 0.0375 0.078125
10 0.43359375 0.11015625 0.0453125 0.0796875
10 0.43828125 0.39453125 0.040625 0.06875
10 0.7984375 0.36171875 0.0265625 0.053125
10 0.0850011234375 0.76702873125 0.09505807031249999 0.762831990625 0.098345490625 0.756281315625 0.0983445640625 0.7450608796875 0.0929281109375 0.733079340625 0.084224234375 0.727648475 0.077455634375 0.7365149796875 0.07339595625 0.7597875796875 0.0850011234375 0.76702873125
10 0.51484375 0.73359375 0.0171875 0.025
10 0.39921875 0.8953125 0.0203125 0.034375
10 0.5265625 0.96875 0.01875 0.0421875
10 0.75703125 0.81328125 0.01875 0.0390625