10 0.13203125 0.05390625 0.025 0.078125
10 0.1859375 0.41328125 0.015625 0.06875
10 0.0421875 0.20625 0.021875 0.040625
10 0.34296875 0.0140625 0.0140625 0.028125
10 0.44140625 0.0338541671875 0.44140625 0.019965278125 0.43671875 0.01024305625 0.4294669265625 0.00036530625 0.42734375 0.022743056249999997 0.42734375 0.03524305625 0.43671875 0.0407986109375 0.44140625 0.0338541671875
10 0.53046875 0.1630208328125 0.52109375 0.16024305625 0.515625 0.17135416718750002 0.51640625 0.176909721875 0.52578125 0.1796875 0.53046875 0.1755208328125 0.53046875 0.1630208328125
10 0.55703125 0.0421875 0.55859375 0.049131943750000004 0.56328125 0.049131943750000004 0.56484375 0.03663194375 0.5544843484374999 0.0143120671875 0.55703125 0.0421875
10 0.7484375 0.09774305625 0.75546875 0.09774305625 0.765625 0.0880208328125 0.7671875 0.07274305625000001 0.7625 0.06024305625 0.75078125 0.050520832812500006 0.74296875 0.0657986109375 0.73984375 0.0880208328125 0.7484375 0.09774305625
10 0.66171875 0.182465278125 0.665625 0.1782986109375 0.66953125 0.1630208328125 0.659375 0.1546875 0.6484375 0.157465278125 0.6453125 0.1630208328125 0.6484375 0.1796875 0.66171875 0.182465278125
10 0.83203125 0.20052083281250002 0.8421875 0.2060763890625 0.846875 0.19774305625 0.8421875 0.182465278125 0.83828125 0.182465278125 0.83203125 0.20052083281250002
10 0.434375 0.70703125 0.028125 0.08125
10 0.35546875 0.8765625 0.0109375 0.05
10 0.7109375 0.921875 0.0421875 0.1296875
10 0.6515625 0.65703125 0.028125 0.053125
10 0.5125 0.50859375 0.021875 0.065625
10 0.64921875 0.4828125 0.0265625 0.065625
10 0.55234375 0.83828125 0.0421875 0.115625