10 0.45078125 0.396875 0.040625 0.0578125
10 0.5171875 0.1546875 0.0265625 0.040625
10 0.69765625 0.4046875 0.059375 0.1421875
10 0.7807774828125 0.07488596875 0.7943632562499999 0.0087517265625 0.7659711031249999 0.027563306250000003 0.7546981203125 0.054816878125 0.756742484375 0.0704294515625 0.75649515 0.0830243 0.7636760828125 0.09902802656250001 0.7741181296875 0.0937409046875 0.7807774828125 0.07488596875
10 1 0.3383140734375 0.9845919015625 0.327651421875 0.9816292000000001 0.329359353125 0.9752521468750001 0.373322325 0.9755855265625 0.391442296875 0.99092061875 0.4177613 1 0.40257265625 1 0.3383140734375
10 0.4859375 0.91796875 0.0296875 0.05
10 0.534375 0.7578125 0.0328125 0.040625
10 0.5890625 0.56015625 0.01875 0.0421875
10 0.69921875 0.81796875 0.0359375 0.0578125
10 0.9640625 0.69921875 0.0390625 0.0390625
10 0.63515625 0.6296875 0.0484375 0.14375
10 0.6671875 0.7609375 0.028125 0.040625