10 0.565625 0.50078125 0.021875 0.0625
10 0.5203125 0.2625 0.01875 0.078125
10 0.35234375 0.321875 0.0171875 0.05
10 0.40859375 0.115625 0.015625 0.0609375
10 0.2796875 0.44453125 0.015625 0.028125
10 0.16640625 0.08828125 0.015625 0.0265625
10 0.3401790453125 0.64268353125 0.3456477953125 0.6357390875 0.3472102953125 0.620461309375 0.3401790453125 0.6135168656250001 0.3362727953125 0.61629464375 0.3339290453125 0.6024057546875 0.3292415453125 0.5982390875 0.3276790453125 0.607961309375 0.3237727953125 0.607961309375 0.3214290453125 0.5996279765625 0.3128352953125 0.6065724203125 0.3128352953125 0.620461309375 0.3167415453125 0.61629464375 0.3206477953125 0.6246279765625 0.3261165453125 0.626016865625 0.3222102953125 0.6440724203125 0.3284602953125 0.6399057546875 0.3401790453125 0.64268353125
10 0.447879559375 0.8617311515624999 0.459598309375 0.8756200406250001 0.468192059375 0.8742311515625 0.47678580937500004 0.8520089296875 0.473660809375 0.8061755953125 0.46897330937500004 0.7936755953125 0.447879559375 0.80478670625 0.443192059375 0.8339533734375 0.447879559375 0.8617311515624999
10 0.1507805859375 0.8696676578125 0.16015558593749998 0.89188988125 0.1749993359375 0.8932787687499999 0.1828118359375 0.871056546875 0.1828118359375 0.8474454359375001 0.16953058593749998 0.8099454359375 0.1531243359375 0.7905009921875 0.14843683593749998 0.7905009921875 0.1414055859375 0.8127232140625 0.1507805859375 0.8696676578125
10 0.6859375 0.9609375 0.03125 0.078125
10 0.6375 0.753472221875 0.653125 0.7506944437499999 0.65625 0.7423611109375 0.65625 0.70069444375 0.653125 0.6895833328125 0.646875 0.68125 0.63984375 0.68125 0.63359375 0.6854166671875 0.62890625 0.69930555625 0.628125 0.7395833328125 0.6375 0.753472221875
10 0.8739593515624999 0.98819444375 0.8739593515624999 0.96875 0.8684906015625 0.9520833328125 0.8598968515625 0.9548611109374999 0.8544281015624999 0.9701388890625001 0.8552093515625 0.984027778125 0.8614593515625 0.99375 0.8692718515625 0.996527778125 0.8739593515624999 0.98819444375