10 0.21523034062500002 0.597449825 0.205662853125 0.6083956265625 0.2023444140625 0.6194505078125 0.20636100625 0.692216875 0.21009394218750002 0.71265550625 0.22727882500000002 0.7129554687499999 0.23926242343749998 0.6978845390624999 0.241115559375 0.68124768125 0.2331291046875 0.6463807640625 0.2315128953125 0.6046795406250001 0.226166175 0.597640709375 0.21523034062500002 0.597449825
10 0.325 0.32265625 0.0328125 0.084375
10 0.01875 0.24140625 0.01875 0.04375
10 0.32109375 0.03203125 0.0203125 0.0640625
10 0.50859375 0.6515625 0.0375 0.0640625
10 0.08984375 0.4109375 0.025 0.075
10 0.23203125 0.07734375 0.0234375 0.08125
10 0.6390625 0.2787838609375 0.6427262078125 0.2779211703125 0.6468257796875 0.266879925 0.656258375 0.224908521875 0.6557663875 0.193413659375 0.6427821703125 0.191334884375 0.6390625 0.2132836828125 0.6390625 0.2787838609375
10 0.73977428125 0.214327428125 0.739811771875 0.20599348125 0.7476901218750001 0.1487148453125 0.7271671453125 0.1011271984375 0.7187697140625 0.20284798906249998 0.7145489453125 0.220832621875 0.7197987078125 0.2334261609375 0.7322264671875 0.2290127515625 0.73977428125 0.214327428125
10 0.9075368484374999 0.5307294031249999 0.914173728125 0.50861964375 0.9108982984375 0.47244585937499994 0.9024755343749999 0.4625751359375 0.8883666968749999 0.4651070671875 0.885950584375 0.46923219375 0.8873728796875 0.5220428375 0.892695359375 0.53047034375 0.9075368484374999 0.5307294031249999
10 0.71875 0.4921875 0.034375 0.065625
10 0.3171875 0.78671875 0.0328125 0.084375
10 0.08203125 0.875 0.025 0.075