10 0.4640625 0.15 0.0328125 0.0609375
10 0.82265625 0.19609375 0.0296875 0.0578125
10 0.7484375 0.0328125 0.0296875 0.0609375
10 0.31171875 0.71796875 0.0421875 0.0515625
10 0.2640625 0.88125 0.0203125 0.0375
10 0.13046875 0.575 0.025 0.0359375
10 0.0890625 0.42890625 0.021875 0.0484375
10 0.3078125 0.43203125 0.01875 0.034375
10 0.55 0.53125 0.021875 0.059375
10 0.70078125 0.86796875 0.034375 0.06875
10 0.90234375 0.98046875 0.01875 0.03125
10 0.77421875 0.98125 0.0234375 0.0375
10 0.82421875 0.48671875 0.0203125 0.03125