10 0.0214151296875 0.281869303125 0.036076873437500004 0.28148425625 0.0438398890625 0.2706233984375 0.04667996875 0.25700555937499997 0.0435543875 0.247540759375 0.0333490453125 0.2433683625 0.023286453125000002 0.2507372859375 0.0148401828125 0.26716660000000003 0.0214151296875 0.281869303125
10 0.182727415625 0.31071396406249996 0.18060627812500002 0.321648675 0.18850945 0.35252399687499997 0.20058352343750002 0.355759234375 0.209820109375 0.34241745 0.21625489843749998 0.3153839765625 0.21539320625 0.306525784375 0.21122489843749997 0.30397100625 0.2018098734375 0.30288614062499997 0.182727415625 0.31071396406249996
10 1 0.357771428125 0.9932600078124999 0.367896928125 0.982080721875 0.4066000703125 0.9875415671875001 0.4224421359375 1 0.42351444843749997 1 0.357771428125
10 0.9469647 0.2025971828125 0.9426893296875001 0.191386415625 0.9308650703125 0.2083484859375 0.9251135359374999 0.2298135046875 0.9274844890625001 0.23907609999999999 0.933126365625 0.239149953125 0.93977528125 0.22942845625000002 0.9469647 0.2025971828125
10 0.9664404671875001 0.08463700468749999 0.972551471875 0.061830423437500004 0.968564196875 0.0435074328125 0.9632817906250001 0.042092015625 0.952895415625 0.05368783125 0.944449146875 0.07011714687500001 0.946496315625 0.0836066375 0.956377875 0.09200592656249999 0.9664404671875001 0.08463700468749999
10 0.7040000421875 0.11928180625 0.6932541953125 0.13221918593749998 0.70317144375 0.1435038046875 0.709496575 0.1380092 0.7134507546875 0.1232520015625 0.7115106499999999 0.11841850000000001 0.7040000421875 0.11928180625
10 0.8369011593749999 0.40508429687499997 0.83859145 0.38972049062499997 0.8351063984374999 0.3815972546875 0.8257270609375 0.38339772031249997 0.8160596281250001 0.39231040781250004 0.8113151296875 0.4039800765625 0.8122838859374999 0.42149425625000003 0.8239271125000001 0.4203003984375 0.8369011593749999 0.40508429687499997
10 0.32413933125 0.8111603578125 0.33775835 0.8176853312500001 0.3436883234375 0.8106469609375001 0.3483614453125 0.7932066328125 0.34710459375 0.7828046765625001 0.3376538796875 0.77883448125 0.3271961296875 0.7846596375 0.32212785 0.8005561984374999 0.32413933125 0.8111603578125
10 0.37839412031249997 0.48491947656249995 0.3730403390625 0.4777334 0.3581261859375 0.4881160015625 0.3574429328125 0.49368445781250003 0.3688337515625 0.5024881531250001 0.3762729828125 0.4958541890625 0.37839412031249997 0.48491947656249995
10 0.093090309375 0.6169656703124999 0.0881673734375 0.614208690625 0.07810478125 0.6215776125 0.07666689843749999 0.626943865625 0.08320615625 0.638761240625 0.09470663124999999 0.6260260640624999 0.093090309375 0.6169656703124999
10 0.03679094375 0.8995222015625 0.031686975 0.912533434375 0.033338985937499996 0.92447915625 0.0458439046875 0.9321434906250001 0.063345728125 0.9181406046875 0.074739140625 0.8967494390624999 0.0734466015625 0.8834621515624999 0.06701440625 0.8803007671875 0.050160148437499996 0.8858498671875001 0.03679094375 0.8995222015625
10 0.5238813328124999 0.46875 0.5091441046874999 0.5212296796875 0.5101128593750001 0.538743859375 0.5163640234375 0.5576734578125 0.52283190625 0.563720171875 0.54769899375 0.567507521875 0.5641937796875001 0.563299984375 0.5772035140625 0.5509692125 0.5945956828125001 0.558505196875 0.599771025 0.551264625 0.603330046875 0.5349636578125 0.6012115031249999 0.515703509375 0.6119956296875 0.47545659999999995 0.61414891875 0.46875 0.5238813328124999 0.46875