10 0.3234375 0.23125 0.0328125 0.08125
10 0.246875 0.39140625 0.025 0.04375
10 0.984375 0.5703125 0.021875 0.01875
10 0.875 0.32578125 0.0265625 0.065625
10 0.7171875 0.440625 0.028125 0.0609375
10 0.809375 0.09296875 0.025 0.078125
10 0.646875 0.16640625 0.021875 0.0515625
10 0.5859375 0.3015625 0.0171875 0.028125
10 0.56796875 0.525 0.0125 0.034375
10 0.27578125 0.87109375 0.021875 0.0359375
10 0.07421875 0.6984375 0.0171875 0.0421875
10 0.078125 0.85234375 0.01875 0.0453125
10 0.05234375 0.98359375 0.0171875 0.0234375
10 0.15546875 0.6296875 0.0234375 0.0359375
10 0.72578125 0.77578125 0.0375 0.08125
10 0.5109296062500001 0.6081990125 0.507263228125 0.59318364375 0.501210040625 0.5867422578125 0.49301214062500004 0.5916420640625 0.48697604375000003 0.6033237078125 0.4865089375 0.615912321875 0.493409471875 0.6320389343749999 0.503942203125 0.6269348578125 0.5109296062500001 0.6081990125
10 0.425743915625 0.7281167953125001 0.4258129859375 0.7378701140625 0.4296523921875 0.7458993734374999 0.442225875 0.74619353125 0.4486771 0.7302929859375 0.43980488281249996 0.71852145625 0.425743915625 0.7281167953125001
10 0.5834617859375 0.8904514734375001 0.5774434859375 0.8575173453125 0.5643687125 0.83356574375 0.5613766531250001 0.835221709375 0.5542333125 0.8790666921875001 0.5542504046875 0.8971897203125 0.56912383125 0.9237723484375 0.58012366875 0.90607965625 0.5834617859375 0.8904514734375001
10 0.9144389578125001 0.786208234375 0.9127442625000001 0.7668377828125 0.905843728125 0.7507111703125 0.8975247781250001 0.7542273734375 0.8934083843749999 0.7699236468749999 0.8953971593750001 0.7836915937500001 0.9024707234375 0.792832096875 0.91049559375 0.7949184 0.9144389578125001 0.786208234375
10 0.4104934421875 0.957169428125 0.41583742343749996 0.973432221875 0.4215274625 0.975722796875 0.424277421875 0.9712996234375 0.4250386078125 0.9531085046874999 0.42132024999999995 0.9464628453125 0.4104934421875 0.957169428125