10 0.190734153125 0.3235060453125 0.192359778125 0.313888909375 0.1887795625 0.30102793437500003 0.1827954453125 0.297716003125 0.17560083124999998 0.308240109375 0.1730758796875 0.3191727578125 0.182225084375 0.3311267640625 0.190734153125 0.3235060453125
10 0.8577487171874999 0.3258949875 0.8743346359374999 0.3245576796875 0.8800937453125 0.31251378750000003 0.8787963812499999 0.2914873703125 0.8716879296875 0.2741351296875 0.8594775953125 0.27027847656250004 0.8505363062499999 0.29180332343750004 0.8493777890625 0.3140090734375 0.8577487171874999 0.3258949875
10 0.714043028125 0.21154619062500002 0.7249389078125 0.2124994578125 0.73638805625 0.19816499062499998 0.7400024546875 0.1747799078125 0.7334301796875 0.1602629671875 0.7179856875 0.15751755625 0.709891746875 0.169357175 0.708422059375 0.20408345 0.714043028125 0.21154619062500002
10 0.5706332953125 10 0.570128715625 0.0009797421875 0.5735878828125001 0.015224321874999999 0.5882540984375 0.017901643749999998 0.5961059390625 0.00882923125 0.5977965125 10 0.5706332953125 0
10 0.5619706453125 0.4617442890625 0.567937671875 0.48317924999999995 0.5814453703125 0.508062321875 0.5979102390625 0.5081086171875 0.604153546875 0.4905303109375 0.60124765 0.460998 0.5902478125 0.4433053078125 0.57504541875 0.4377926875 0.562281815625 0.44922376562500005 0.5619706453125 0.4617442890625
10 0.22550712812499998 0.9107120015625 0.224988040625 0.8897536734375 0.219609171875 0.8795237234375 0.2127257265625 0.87752730625 0.20511598437499998 0.8838325109374999 0.20162263593750002 0.9058339906249999 0.206223228125 0.9159958484375 0.21597768281250002 0.9210318359375 0.22550712812499998 0.9107120015625
10 0.043097 0.8473505781250001 0.044480525 0.8405006499999998 0.0382714 0.821832896875 0.025161737499999996 0.8192917578125 0.0223427078125 0.8246219 0.018970409375 0.8452397749999999 0.022256546874999998 0.852498246875 0.0322531 0.8547670265624999 0.043097 0.8473505781250001
10 0.0554541640625 0.6752417859375 0.0565436109375 0.662789353125 0.052064068750000005 0.6512438890625 0.046616128125 0.65076725625 0.037986009375000004 0.659771578125 0.036533414062500005 0.676374821875 0.042811609375 0.685289259375 0.049937153125 0.6845184703125 0.0554541640625 0.6752417859375
10 0.9321039015625001 0.9573428484375001 0.9440201578125 0.955596996875 0.9538607718750001 0.9327566375 0.953825884375 0.9062638953125 0.9468904609374998 0.8958977640625001 0.93365975 0.894740228125 0.9258079078125 0.9038126390624999 0.9218303609374999 0.9313485343749999 0.9233178453124999 0.9412380312499999 0.9321039015625001 0.9573428484375001
10 0.8517674296875001 0.7112874640625 0.8460944828125001 0.695455009375 0.8373604046875001 0.68771990625 0.8283671390624999 0.7008750375 0.822781059375 0.7199050390625 0.820792284375 0.7336729859375 0.8346111515625001 0.746035534375 0.8481530312500001 0.7346725468749999 0.8517674296875001 0.7112874640625
10 0.6818549640625 0.9651917140625 0.690554153125 0.9464340734375 0.6899830875 0.9171060343749999 0.6771326171875 0.8936746546875 0.668744596875 0.8999117703125 0.6646979796875 0.93720098125 0.6666525703125 0.9596790937499999 0.673172865625 0.9658263218750001 0.6818549640625 0.9651917140625