10 0.2484375 0.43984375 0.05 0.0890625
10 0.17578125 0.14453125 0.0390625 0.0921875
10 0.04453125 0.58125 0.040625 0.078125
10 0.10234375 0.2234375 0.040625 0.084375
10 0.82109375 0.37265625 0.040625 0.084375
10 0.6859375 0.346875 0.03125 0.04375
10 0.759375 0.4421875 0.03125 0.05
10 0.7078125 0.4046875 0.0296875 0.040625
10 0.5828125 0.546875 0.0265625 0.0328125
10 0.78984375 0.025 0.0828125 0.05
10 0.5859375 0.1796875 0.034375 0.103125
10 0.70703125 0.590625 0.025 0.034375
10 0.06015625 0.9125 0.0265625 0.034375
10 0.94609375 0.70703125 0.03125 0.040625
10 0.96171875 0.73515625 0.0765625 0.1921875