10 0.1984375 0.24140625 0.03125 0.08125
10 0.058375496875 0.05905357812499999 0.0629504203125 0.049627525 0.0637254921875 0.03854348125 0.048913625 0.026369490625000002 0.03868950625 0.038185075 0.035382625 0.05187663906249999 0.0456152953125 0.0623381390625 0.058375496875 0.05905357812499999
10 0.11875 0.04296875 0.0171875 0.0609375
10 0.0140625 0.7203125 0.028125 0.084375
10 0.27265625 0.94375 0.0515625 0.1125
10 0.23125 0.68671875 0.03125 0.0546875
10 0.103125 0.52890625 0.025 0.0671875
10 0.240625 0.51796875 0.03125 0.0578125
10 0.85913978125 0.6298401218749999 0.8491969453125 0.60779655 0.8347547468750001 0.6522678140625 0.833204603125 0.674435903125 0.8372993796875001 0.6830759203125 0.8428516921875 0.6820718953125 0.8475235 0.6712603359375 0.85913978125 0.6298401218749999
10 0.8287328 0.4890625 0.8245341265625001 0.5035073 0.8291175984375 0.51635833125 0.84175930625 0.5126013921875 0.850065346875 0.49833121562500005 0.8505389515624999 0.49001065156249995 0.85013106875 0.4890625 0.8287328 0.4890625
10 0.763688665625 0.8510354234375 0.7643444890625 0.8209152078124999 0.746867928125 0.7946320796874999 0.74149046875 0.82674259375 0.7407926781249999 0.8424729781250001 0.738362028125 0.8548335343750001 0.7426548484375 0.8718410828125001 0.7538563578125 0.8684475265625 0.763688665625 0.8510354234375
10 0.6405413328125 0.9770112296875 0.6390837984375001 0.986655271875 0.64161988125 0.99518629375 0.6539925484375 0.9974437546875 0.6628517421875 0.9827481656250001 0.655930228125 0.9697336421875 0.6405413328125 0.9770112296875
10 0.9971352 0.6297437374999999 0.9985884609374999 0.608961153125 0.9917595562500001 0.5834225828124999 0.9784180499999999 0.5950201765625 0.9683919734374999 0.615203290625 0.9670355984375 0.6346003703124999 0.9741508796874999 0.6448438828125 0.9865235453124999 0.64710134375 0.9971352 0.6297437374999999
10 0.7745069859375 0.5431697546875001 0.78083009375 0.5199431437500001 0.7907635609375 0.5122840765625 0.7923179796875 0.501254528125 0.78880878125 0.4954400203125 0.7661108375 0.49524510624999996 0.7490749140625 0.5260762859375 0.749374115625 0.5441968546875 0.7651590968749999 0.5536543296875001 0.7745069859375 0.5431697546875001