10 0.484375 0.30234375 0.0171875 0.0296875
10 0.13671875 0.17734375 0.0453125 0.05625
10 0.2875 0.26484375 0.028125 0.04375
10 0.37734375 0.028125 0.0265625 0.05625
10 0.5765625 0.39375 0.046875 0.0796875
10 0.12265625 0.5359375 0.0328125 0.04375
10 0.346875 0.80546875 0.021875 0.046875
10 0.67734375 0.95625 0.0703125 0.0875
10 0.8472525734375 0.699940403125 0.87958049375 0.6406680093749999 0.862956846875 0.6006497078125 0.8281803890624999 0.67312336875 0.8255707484375 0.6886514609375001 0.82165184375 0.7006236625 0.8238399671875 0.718027603125 0.8353715515625 0.7160244625 0.8472525734375 0.699940403125
10 0.55 0.5669029359375 0.55628045 0.5688639125 0.56686455 0.5553575265624999 0.5650936390625 0.520112815625 0.55 0.5406976140624999 0.55 0.5669029359375
10 0.65631790625 0.5958552734375 0.6666932765625 0.57523389375 0.6697491203125 0.539040896875 0.6631683500000001 0.527857534375 0.6488341921874999 0.527901025 0.645738465625 0.5315439296875 0.6379686796875 0.583799240625 0.641746878125 0.593022953125 0.65631790625 0.5958552734375