10 10 0.292150834375 0.009328159375 0.292448246875 0.0184059296875 0.2774389453125 0.0220187515625 0.25831711875 0.0176671671875 0.2459090984375 0.0064248375 0.239037334375 10 0.24502453750000003 10 0.292150834375
10 0.1019355109375 10 0.0968399125 0.012110528125 0.10696887656250001 0.027277784375000003 0.1205345921875 0.0275588328125 0.127913840625 0.016433665625 0.1298098203125 10 0.1019355109375 0
10 0.6015625 0.20078125 0.0453125 0.0859375
10 0.47734375 0.346875 0.0421875 0.05625
10 0.5734375 0.53203125 0.046875 0.0359375
10 0.82265625 0.471875 0.0703125 0.1359375
10 0.82421875 0.20078125 0.0390625 0.0578125
10 0.72109375 0.0296875 0.0359375 0.059375
10 0.86171875 0.0328125 0.0421875 0.065625
10 0.68671875 0.3546875 0.0671875 0.121875
10 0.309375 0.7490283296875 0.300320040625 0.751096596875 0.29096954531249997 0.7603412437499999 0.286635203125 0.7721693843749999 0.2882146046875 0.7896390859375 0.29980907343749996 0.7880396125 0.309375 0.7759931734375 0.309375 0.7490283296875
10 0.19417114375 0.8601047546875 0.19122289374999998 0.86940205625 0.1923932078125 0.878224778125 0.20426040156249997 0.8823899578125 0.21530942031250003 0.8692611781250001 0.2105090421875 0.855324121875 0.19417114375 0.8601047546875
10 0.5421875 0.84609375 0.0421875 0.0828125
10 0.66484375 0.66640625 0.0359375 0.059375
10 0.4203125 0.97421875 0.0296875 0.0453125
10 0.80963174375 0.6864411453125 0.8156249015625001 0.67784681875 0.8181243578124999 0.667020484375 0.8053992812499999 0.652679290625 0.7934526734375 0.66275 0.7880446734375 0.6757556890625 0.796514821875 0.6876891328125 0.80963174375 0.6864411453125
10 0.76328125 0.83515625 0.0328125 0.0703125