10 0.578535009375 0.359375 0.574807403125 0.35055110156249997 0.5659744046874999 0.3097640640625 0.559486634375 0.30376061718749997 0.5486837921875 0.30547161875 0.5411623750000001 0.31791250937500004 0.5398140109375 0.32937568125 0.5433590890625 0.359375 0.578535009375 0.359375
10 0.27109375 0.19375 0.0375 0.08125
10 0.21015625 0.35078125 0.0265625 0.0171875
10 0.9966451656249999 0.1907366390625 0.994037925 0.174275165625 0.9882243359375 0.1625401328125 0.9764549656250001 0.15315460625 0.9679446468750001 0.16434591875 0.9706493375 0.18641676406250002 0.9786579984374999 0.20202273437499998 0.9947424390625 0.20369381406249998 0.9966451656249999 0.1907366390625
10 0.8854479156250001 0.07741556250000001 0.8774839984374999 0.0421156828125 0.8690184234375 0.0336130875 0.8590846624999999 0.0408112453125 0.8574966546875 0.060749584375 0.860103896875 0.07721105625 0.8687867406249999 0.087085440625 0.8769375953124999 0.088606875 0.8854479156250001 0.07741556250000001
10 0.7614355890625 0.054089915625 0.758056715625 0.03775065625 0.7481677 0.025254907812499998 0.7370277671875 0.029831703124999998 0.73391886875 0.0401675140625 0.7355372078125 0.0553794125 0.7459805859374999 0.06638115781250001 0.7564463359375 0.06753595 0.7614355890625 0.054089915625
10 0.8613593953125 0.16060307499999998 0.8536430796874999 0.16182521875 0.8492081890625001 0.1737772484375 0.8511636203125 0.186123353125 0.8622811796875001 0.1913935140625 0.87597565 0.1779749109375 0.8709336921874999 0.1661176640625 0.8613593953125 0.16060307499999998
10 0.41870189687500003 0.7703159125 0.4247327546875 0.7834227328125001 0.4228747734375 0.776686 0.429452034375 0.7433016296874999 0.423226278125 0.7189760640625 0.41256562968750005 0.7066025296875 0.4026542421875 0.703953734375 0.388645053125 0.7103911765625 0.38630778593750004 0.7206047734375 0.3925111703125 0.7547772921875 0.41870189687500003 0.7703159125
10 0.2503425265625 0.6662046703125 0.24696365468749998 0.6498654125 0.23707463906249998 0.6373696625 0.21889257343750002 0.6374370171875 0.2132515109375 0.6467676828125001 0.22000925625 0.6794461984375 0.2293439109375 0.6934359515625 0.24026657187499997 0.687487365625 0.2503425265625 0.6662046703125
10 0.3578294859375 0.4509059890625 0.3529297234375 0.42496420468749996 0.3444641484375 0.4164616078125 0.3335414859375 0.42241019375000005 0.32932386406249997 0.43573401250000005 0.331039653125 0.45655528125 0.335766890625 0.4614313671875 0.353177325 0.46148622968749997 0.3578294859375 0.4509059890625
10 0.048457951562500004 0.5252172546875 0.0445247171875 0.510372 0.0282453796875 0.49748217656250004 0.013149840625 0.497060671875 0.0060853359375 0.502398184375 0.0149407046875 0.5333382671875 0.0249495421875 0.5415964343749999 0.0396105421875 0.5392743609374999 0.048457951562500004 0.5252172546875
10 0.186990003125 1 0.1854837453125 0.9858416359375 0.18186523125 0.97797754375 0.159869753125 0.958962059375 0.1435680421875 0.955919190625 0.14801089218750002 0.98896435 0.15385415468750002 1 0.186990003125 1
10 0.94453125 0.5390625 0.0375 0.08125
10 0.87734375 0.71953125 0.0265625 0.04375