10 0.0359375 0.54453125 0.0234375 0.0765625
10 0.1875 0.31328125 0.0203125 0.0515625
10 0.09609375 0.1671875 0.0234375 0.05
10 0.0703125 0.07890625 0.04375 0.0875
10 0.6816593515625 0.609375 0.67868560625 0.5768217453125 0.6729778296875 0.5700723875 0.6620469921875001 0.5704541 0.653065475 0.5818856265625 0.6503301515625 0.59309903125 0.6520866296875 0.609375 0.6816593515625 0.609375
10 0.75703125 0.290625 0.034375 0.0859375
10 0.7375 0.01640625 0.021875 0.0328125
10 0.9578125 0.5921875 0.0375 0.034375
10 0.5265625 0.390625 0.0265625 0.0765625
10 0.6515625 0.05078125 0.025 0.08125
10 0.31953125 0.87265625 0.0375 0.05625
10 0.4046875 0.6578125 0.0234375 0.0390625