10 0.11875 0.1625 0.0203125 0.034375
10 0.0109375 0.259375 0.0109375 0.025
10 0.225 0.1046875 0.0125 0.0203125
10 0.9804590453124999 0.56875 0.9756180484375001 0.5457805078125 0.9747298718749999 0.5040574265625 0.9695068109375 0.49692635625000003 0.9585759734374999 0.49654464374999996 0.9488189125 0.507321803125 0.9453080437499999 0.518317084375 0.9415509359375 0.56875 0.9804590453124999 0.56875
10 0.696875 0.31796875 0.028125 0.0796875
10 0.78359375 0.13046875 0.025 0.0578125
10 0.60546875 0.4796875 0.021875 0.0421875
10 0.09814965 0.69358643125 0.0883925890625 0.704363590625 0.08488172031249999 0.715358871875 0.0789957484375 0.7943682531249999 0.09100341875 0.808684925 0.10818044843750001 0.8092847593750001 0.12042524531250001 0.7944252671875001 0.1225684515625 0.7778232828125 0.115191725 0.7428222953125 0.11430354843749999 0.701099215625 0.10908048749999999 0.6939681453125 0.09814965 0.69358643125
10 0.87421875 0.9953125 0.0171875 0.009375
10 0.69921875 0.9734375 0.0234375 0.053125
10 0.66171875 0.75546875 0.0203125 0.046875
10 0.4921875 0.79375 0.01875 0.0515625
10 0.5546875 0.59375 0.01875 0.05
10 0.42109375 0.9203125 0.0046875 0.028125