10 0.11392526875 0.42603658437499997 0.11613982656249999 0.41363549062500005 0.1113327703125 0.400866409375 0.10594420468750002 0.3991932125 0.09734283437499999 0.4140411765625 0.10051684218750001 0.42811546875 0.1089534375 0.431339203125 0.11392526875 0.42603658437499997
10 0.2660504328125 0.5536174921875 0.27653680937499997 0.562511828125 0.2879681421875 0.5533753546875 0.291617078125 0.5285322781249999 0.2846342609375 0.4975688359375 0.2731496375 0.49279456875000005 0.2649117109375 0.50070760625 0.26075395156250003 0.5352595796874999 0.2660504328125 0.5536174921875
10 0.421233640625 0.3392231109375 0.42043406250000004 0.35447995 0.42616667656249996 0.3645159484375 0.44262313124999997 0.3639876 0.450080878125 0.3560336734375 0.4501923625 0.324051234375 0.44445974843749997 0.3140152359375 0.43595046562500006 0.3121784890625 0.4270050484375 0.318663653125 0.421233640625 0.3392231109375
10 0.3639367140625 0.10395755312499999 0.3668587625 0.09298433125 0.36439224531250003 0.0803379125 0.3515653296875 0.07132091406249999 0.340332665625 0.0915941578125 0.3398965328125 0.09991607031250001 0.3495300421875 0.11015650625 0.3639367140625 0.10395755312499999
10 0.7 0.39375 0.0359375 0.0796875
10 0.6619055234375 0.1832923953125 0.6776544890625 0.1813361734375 0.6812113390625 0.1731778109375 0.683392003125 0.131568246875 0.680852796875 0.1203088125 0.6750474953125 0.1116598015625 0.66802588125 0.1112918140625 0.6615663796875 0.11512567031250001 0.656158415625 0.1287502015625 0.6532702609375 0.168931890625 0.6619055234375 0.1832923953125
10 0.5580747609375 10 0.5577202484375 0.0067645015625 0.5619651906249999 0.015331737500000001 0.567499134375 0.0142309640625 0.5719815421875001 0.00333951875 0.572156559375 10 0.5580747609375 0
10 0.5434924234375 0.48723389531250005 0.5421162390625 0.45378269531250004 0.5325021265625 0.4282445328125 0.5293087203125 0.4294679671875 0.5161328562499999 0.47189209375 0.51362754375 0.48984112812499997 0.5246566359375 0.5182350375 0.5380117703125 0.5022454109375001 0.5434924234375 0.48723389531250005
10 0.8914767031249999 0.43036805312500004 0.892494346875 0.41095025625000003 0.8879053562500001 0.39402021875000004 0.8791780062499999 0.39634442812500004 0.8729171749999999 0.41131505625000003 0.872970465625 0.4252257984375 0.8787030781249999 0.4352617953125 0.88635949375 0.4384446421875 0.8914767031249999 0.43036805312500004
10 0.2951636671875 1 0.289826084375 0.9722858406249999 0.2896662109375 0.9305536125 0.2845684 0.9233324749999999 0.2736458890625 0.9227600499999999 0.26370222656250003 0.933365284375 0.2599999984375 0.9442976171874999 0.25487137187500003 1 0.2951636671875 1
10 0.009375 0.75078125 0.01875 0.0796875
10 0.22734375 0.69296875 0.0203125 0.0671875
10 0.5945510546875 0.94716233125 0.590795534375 0.9441839234374999 0.5821941640625 0.9590318890624999 0.58046903125 0.9770218109375 0.5855668421875 0.9842429515625 0.59258845625 0.9846109390625 0.5971435515625 0.9723325078125 0.5945510546875 0.94716233125