10 0.36015625 0.1244791671875 0.35078125 0.14114583281249998 0.35 0.16753472187500001 0.35859375 0.20086805624999998 0.3609375 0.255034721875 0.38515625 0.26336805625 0.3984375 0.2619791671875 0.41796875 0.2467013890625 0.421875 0.2286458328125 0.4203125 0.1842013890625 0.42421875 0.16753472187500001 0.425 0.13836805624999998 0.41171875 0.12586805625 0.36015625 0.1244791671875
10 0.3 0.43003472187499997 0.29453125 0.42864583281249996 0.2828125 0.44947916718750003 0.284375 0.4661458328125 0.29609375 0.47170138906250003 0.30546875 0.4592013890625 0.30703125 0.44114583281249997 0.3 0.43003472187499997
10 0.620055046875 0.1755208328125 0.6130237968750001 0.16579861093749998 0.605992546875 0.18524305624999998 0.605992546875 0.207465278125 0.610680046875 0.2157986109375 0.616148796875 0.214409721875 0.620055046875 0.20329861093749999 0.620055046875 0.1755208328125
10 0.6177101859375 0.0556134265625 0.6177101859375 0.032002315625 0.6091164359375 0.015335648437499998 0.6036476859375 0.015335648437499998 0.5966164359375 0.029224537499999998 0.5927101859375 0.04728009375 0.5981789359375 0.05978009375 0.6098976859375 0.0653356484375 0.6177101859375 0.0556134265625
10 0.5541723140625 0.41811342656250006 0.5667854609375 0.3787615734375 0.55012175625 0.36116898124999997 0.53397879375 0.39357638906250003 0.5307348140625 0.41116898125 0.5291723140625 0.42366898124999997 0.5346410640625 0.4403356484375 0.5455785640624999 0.43616898125 0.5541723140625 0.41811342656250006
10 0.328125 0.8619791671874999 0.3171875 0.8911458328125 0.3140625 0.930034721875 0.3171875 0.9453125 0.3359375 0.96475694375 0.3421875 0.9494791671874999 0.3546875 0.9439236109374999 0.3625 0.9328125 0.365625 0.9036458328125001 0.35859375 0.880034721875 0.334375 0.8619791671874999 0.328125 0.8619791671874999
10 0.74609375 0.821875 0.0265625 0.075
10 0.57578125 0.87109375 0.0359375 0.075
10 0.63203125 0.66328125 0.015625 0.0625
10 0.5 0.9890625 0.021875 0.021875
10 0.753125 0.646875 0.0125 0.040625