10 0.39609375 0.01875 0.0140625 0.0328125
10 0.2203125 0.01015625 0.015625 0.0203125
10 0.31875 0.1375 0.01875 0.05
10 0.20234375 0.12734375 0.0171875 0.0265625
10 0.98359375 0.56015625 0.0328125 0.1109375
10 0.9149094328124999 0.0860969390625 0.9248384078124999 0.086503778125 0.9314888171875001 0.07410169062500001 0.9284258484375 0.057109074999999995 0.9247236203125 0.046176740625000004 0.9180460531249999 0.038181928125 0.9110244390624999 0.038549915625 0.9050010703125 0.043037971875 0.9010468828124999 0.057153151562500004 0.9058751359375 0.08286161875 0.9149094328124999 0.0860969390625
10 0.7852734328125 0.0970632578125 0.777742996875 0.0877223484375 0.7717390265625 0.10750813125 0.7729020484375 0.12969989843750002 0.77801925625 0.1377764875 0.7834078234375 0.1361032890625 0.786727209375 0.12480296875 0.7852734328125 0.0970632578125
10 0.737245225 0.349923396875 0.734105109375 0.33478921875 0.7282804109375001 0.3281405046875 0.7199165046875 0.332751221875 0.7134764 0.3442150921875 0.7125702421875 0.3567797359375 0.7189037625 0.37313735000000003 0.72960820625 0.36840396875 0.737245225 0.349923396875
10 0.63306545625 0.4916811296875 0.6327940984375 0.5014309156250001 0.6363509484375001 0.509589278125 0.64890650625 0.5103220640624999 0.6559087234375001 0.49465634999999997 0.6474527296875 0.48258235625 0.63306545625 0.4916811296875
10 0.8012390500000001 0.66875 0.799485134375 0.656808809375 0.7872542250000001 0.6324154953125001 0.784206196875 0.6339660312500001 0.7772850390625 0.66875 0.8012390500000001 0.66875
10 0.31640625 0.95546875 0.0515625 0.0890625
10 10 0.7593605671875 0.0011928 0.7624412171875 0.01189724375 0.757707834375 0.0195342609375 0.7392272625 0.0183131140625 0.6739238984375 10 0.683241353125 10 0.7593605671875
10 0.8115368953125 1 0.8067443437499999 0.9618018781250001 0.7978522171875 0.9414059703125 0.7820305640624999 0.9380627624999999 0.7785658015625 0.9465891125000001 0.7815799359375 0.974247046875 0.7798209093749999 0.9854655937500001 0.78190053125 1 0.8115368953125 1