10 0.36015625 0.26484375 0.0546875 0.09375
10 0.53984375 0.2390625 0.0359375 0.0578125
10 0.26171875 0.06171875 0.0453125 0.0796875
10 0.10703125 0.1359375 0.0546875 0.08125
10 0.225 0.40546875 0.046875 0.071875
10 0.07109375 0.284375 0.03125 0.040625
10 0.5609375 0.7953125 0.05 0.084375
10 0.4597616609375 0.6072772546875 0.474135309375 0.6005500796875001 0.47499700312500004 0.5916918890625 0.464212875 0.5514449781249999 0.45831859062499997 0.5415212796875 0.45012472812500004 0.5350895171875 0.4433330625 0.5369093390625 0.4383744390625 0.5425516484374999 0.43744137031249997 0.5571805000000001 0.447111396875 0.596288046875 0.4597616609375 0.6072772546875
10 0.062189303125 0.4890625 0.0597898453125 0.50308049375 0.07402074374999999 0.5078946375 0.07675116562499999 0.4999736046875 0.07382754375 0.4890625 0.062189303125 0.4890625
10 0.3206243203125 0.6675651296874999 0.314406253125 0.6534145375 0.307326490625 0.6481221359375 0.300103978125 0.654371053125 0.2961880796875 0.6669233828125 0.297914059375 0.6794018609375 0.3075101171875 0.694085209375 0.3169965171875 0.687229684375 0.3206243203125 0.6675651296874999
10 0.257556296875 0.80045343125 0.25931796406249996 0.81004658125 0.26449330781249997 0.8172871531249999 0.27692685156249996 0.815393478125 0.2805189671875 0.7986142546874999 0.2697374328125 0.7885622046874999 0.257556296875 0.80045343125
10 0.4410671984375 0.9329344593750001 0.4294213796875 0.9015457421875 0.4123860890625 0.8802284296874999 0.4097270421875 0.882378803125 0.41030582656250003 0.9267981093749998 0.41346968906250003 0.9446428421874999 0.43273317968749997 0.9682388765625 0.4404936015625 0.948904875 0.4410671984375 0.9329344593750001