10 0.3390625 0.190625 0.034375 0.0578125
10 0.5015625 0.38125 0.0375 0.059375
10 0.3546875 0.48046875 0.0328125 0.0546875
10 0.028125 0.0421875 0.0203125 0.0265625
10 0.91953125 0.44375 0.0234375 0.034375
10 0.759375 0.21953125 0.0265625 0.05
10 0.95703125 0.1328125 0.021875 0.0328125
10 0.7203125 0.121875 0.0171875 0.034375
10 0.72890625 0.4921875 0.0140625 0.01875
10 0.628125 0.41015625 0.05625 0.0640625
10 0.6953125 0.05078125 0.0234375 0.0453125
10 0.29765625 0.89296875 0.0359375 0.034375
10 0.53359375 0.778125 0.01875 0.0359375
10 0.95546875 0.959375 0.025 0.0328125
10 0.76328125 0.77578125 0.0203125 0.0703125