10 0.2390625 0.08828125 0.0234375 0.0359375
10 0.05390625 0.0953125 0.01875 0.0296875
10 0.06015625 0.228125 0.021875 0.0296875
10 0.47265625 0.475 0.0265625 0.0390625
10 0.32265625 0.00859375 0.0203125 0.0171875
10 0.81484375 0.2109375 0.046875 0.0859375
10 0.7703125 0.39765625 0.04375 0.05625
10 0.84140625 0.0171875 0.0359375 0.034375
10 0.19496122031250002 0.69573388125 0.2004314515625 0.7015270375 0.2192965015625 0.6996862671875 0.2244388796875 0.691247090625 0.21048254531250002 0.6546473765625 0.200464053125 0.6499882265625 0.1947357078125 0.6528478718749999 0.1916953828125 0.66648858125 0.19496122031250002 0.69573388125
10 0.0829718390625 0.805246215625 0.080705859375 0.7929285171875 0.072797571875 0.780586196875 0.0551126046875 0.7807013296875001 0.054174334375 0.7995435687500001 0.0614885046875 0.819191059375 0.076985378125 0.8167586625000001 0.0829718390625 0.805246215625
10 0.2475786921875 0.9875047359375 0.2347245546875 0.9391789515625 0.221182109375 0.9139273046875 0.21578976718749998 0.9181345828125 0.211131015625 0.9608069671875 0.21642102031250002 0.9852533625 0.22508735156249998 0.99740668125 0.24159223281250003 0.9990171828125 0.2475786921875 0.9875047359375
10 0.925 0.6921875 0.0234375 0.0359375
10 0.74296875 0.70234375 0.01875 0.0296875
10 0.86171875 0.8140625 0.028125 0.0515625
10 0.74609375 0.8265625 0.021875 0.0296875
10 0.61875 0.70234375 0.025 0.040625
10 0.69296875 0.534375 0.021875 0.0390625