10 0.239809134375 0.3069247671875 0.253227709375 0.303224146875 0.25849401250000004 0.286731225 0.2564372890625 0.256085221875 0.24764965781249998 0.239101525 0.24369731562500002 0.2403532421875 0.2393572015625 0.25270930156250004 0.23043461562499998 0.284361634375 0.230730675 0.298269328125 0.239809134375 0.3069247671875
10 10 0.2503283046875 0.00451649375 0.25192040625 0.014225084374999999 0.2425312875 0.014952156250000001 0.2217106453125 0.0068483578125 0.2075303 10 0.210064428125 10 0.2503283046875
10 0.7390625 0.01640625 0.028125 0.0328125
10 0.7890625 0.34453125 0.01875 0.06875
10 0.65078125 0.1484375 0.021875 0.0421875
10 0.3078125 0.85546875 0.0296875 0.0765625
10 0.1359375 0.89921875 0.0390625 0.0765625
10 0.19921875 0.69296875 0.01875 0.0625
10 0.19140625 0.54296875 0.0171875 0.05625
10 0.02265625 0.58359375 0.01875 0.0359375
10 0.32109375 0.68125 0.0140625 0.0421875
10 0.078125 0.5515625 0.0359375 0.0828125
10 0.8793101265625 0.9431475171875 0.89502255 0.9409167359375001 0.8984364765624999 0.932697540625 0.8998906218750001 0.8910562562500001 0.8971552984375 0.879842853125 0.8911999343750001 0.8712964750000001 0.8841729671875 0.8710510875 0.8777813609375 0.8749970953125 0.8726119999999999 0.8887139312500001 0.8704255515625 0.9289399062499999 0.8793101265625 0.9431475171875
10 0.7903188859375 0.7380649859374999 0.7836312203125 0.7281033 0.7759256515625 0.7472905125 0.7751501078125 0.769499196875 0.7795439234374999 0.7779910453125 0.7850578125000001 0.7767938593749999 0.7893494546875 0.7658258421874999 0.7903188859375 0.7380649859374999
10 0.782760225 0.6187470265625 0.783584240625 0.5951502984375 0.775577384375 0.5781938671875 0.7701119656250001 0.5780030093749999 0.7626002828124999 0.5916380515624999 0.7580662828125 0.6095462828125 0.7630954578125 0.6222295250000001 0.7746131828125 0.6281906734375 0.782760225 0.6187470265625
10 0.534839515625 0.711540134375 0.5272793609375 0.72656321875 0.5394809171875 0.73532771875 0.5444079203125 0.7285510953125 0.54494110625 0.713282625 0.5419634249999999 0.7090094359375 0.534839515625 0.711540134375
10 0.7286259578125 0.960121278125 0.7268168218750001 0.9447710125000001 0.7215937609375 0.937639940625 0.71285983125 0.9415041531250001 0.7054450921875001 0.9523631078125 0.7034473015625 0.9648009625 0.7083310609375 0.9816483328124999 0.7194073125 0.9778659171874999 0.7286259578125 0.960121278125