10 0.2393721796875 10 0.23919896718749997 0.0047918015625 0.25909682031250003 0.02554571875 0.27435692500000003 0.0020357312499999997 0.27437092343749997 10 0.2393721796875 0
10 0.6900702171875001 0.26163644375 0.6817020921875001 0.258743221875 0.677244828125 0.28054220625 0.68072115 0.3024908359375 0.68786073125 0.3126096484375 0.694251053125 0.3130037234375 0.7006637484375 0.30355084374999997 0.6900702171875001 0.26163644375
10 0.632582665625 0.41417413906249995 0.6299754249999999 0.39771266562499996 0.6241618359375 0.3859776328125 0.6123924656249999 0.37659210625 0.603882146875 0.38778341875 0.6065868375 0.40985426406250003 0.6145954984374999 0.425460234375 0.6306799390625001 0.4271313140625 0.632582665625 0.41417413906249995
10 0.521385415625 0.3008530625 0.5134214984375 0.2655531828125 0.5049559234375 0.2570505875 0.49502216250000003 0.26424874531250003 0.4934341546875 0.284187084375 0.49604139687500004 0.30064855625 0.504724240625 0.31052294062499997 0.5128750953125 0.31204437500000004 0.521385415625 0.3008530625
10 0.3973730890625 0.277527415625 0.393994215625 0.26118815624999997 0.3841052 0.2486924078125 0.3729652671875 0.253269203125 0.36985636875 0.26360501406250003 0.37147470781249997 0.2788169125 0.3819180859375 0.2898186578125 0.3923838359375 0.29097344999999997 0.3973730890625 0.277527415625
10 0.47650463125 0.1634352078125 0.4843183953125 0.1678224359375 0.48798165468750004 0.1559926203125 0.488505684375 0.11934838125 0.46812058749999996 0.07054760624999999 0.46459952031250007 0.0682928859375 0.463588246875 0.0768902640625 0.462390034375 0.1192660890625 0.46521454531249995 0.13709935 0.47650463125 0.1634352078125
10 0.537547528125 0.0472081328125 0.5399374984375 0.06229781718750001 0.5491747046875 0.070678196875 0.5582170125 0.06783983437499999 0.5625320828125 0.0601253875 0.55181873125 0.022448571875 0.541787521875 0.024037359375 0.537547528125 0.0472081328125
10 0.891568421875 0.6890625 0.8933273578125001 0.6770845078125001 0.8855583390625 0.6530033703125 0.8812656421875001 0.6508708640624999 0.8759392968749999 0.6671826921874999 0.8779921765625 0.68513816875 0.8822331015625 0.6890625 0.891568421875 0.6890625
10 0.4972968953125 0.384040575 0.4895805796875 0.38526271875 0.4851456890625 0.39721474843750004 0.48710112031249997 0.409560853125 0.4982186796875 0.4148310140625 0.51191315 0.4014124109375 0.5068711921875 0.3895551640625 0.4972968953125 0.384040575
10 0.25 0.928125 0.046875 0.0796875
10 0.27265625 0.7171875 0.0265625 0.05625
10 0.02890625 0.7265625 0.0234375 0.034375