10 0.06129018125 0.26226591875 0.0638523140625 0.23041480781249998 0.058746901562499995 0.2117231953125 0.0425326828125 0.2239844046875 0.035642107812500004 0.2372255703125 0.03516355 0.2567268203125 0.045852932812500004 0.2746087921875 0.0528456640625 0.2753437578125 0.06129018125 0.26226591875
10 0.5624815406250001 0.1889270109375 0.5486681640625 0.1260274375 0.5456382718749999 0.072640490625 0.5415571640625 0.0666253921875 0.5330104921875 0.06572710000000001 0.5251466890625001 0.073279815625 0.51156179375 0.1053689296875 0.488602178125 0.1294900234375 0.48525501875000004 0.138913996875 0.47838055468749996 0.19684611093749999 0.48538134218749995 0.21992655156250002 0.49601964687500005 0.230820459375 0.5283109625 0.23002479375 0.543065340625 0.2092309140625 0.5624385171874999 0.2042844203125 0.5624815406250001 0.1889270109375
10 0.12890625 0.640625 0.034375 0.08125
10 0.22890625 0.446875 0.0296875 0.0578125
10 0.14453125 0.984375 0.0234375 0.03125
10 0.0234375 0.7828125 0.025 0.04375
10 0.14921875 0.3453125 0.0203125 0.0125
10 0.56796875 0.96640625 0.0171875 0.0375
10 0.725 0.92734375 0.01875 0.040625
10 0.9015625 0.83359375 0.0296875 0.0734375
10 0.8828125 0.60625 0.025 0.04375
10 0.790625 0.41953125 0.0234375 0.0578125
10 0.53828125 0.371875 0.0125 0.0171875
10 0.7078125 0.6203125 0.0265625 0.065625
10 0.62265625 0.75390625 0.0203125 0.0328125