10 0.04765625 0.38984375 0.0234375 0.046875
10 0.0578125 0.35 0.015625 0.0390625
10 0.1453125 0.253125 0.028125 0.0671875
10 0.22109375 0.21171875 0.01875 0.0609375
10 0.375 0.00625 0.01875 0.0125
10 0.34296875 0.528125 0.0328125 0.0546875
10 0.20390625 0.51015625 0.03125 0.0515625
10 0.1015625 0.1265625 0.015625 0.0359375
10 0.1015625 0.20234375 0.0171875 0.0484375
10 0.803125 0.6265625 0.01875 0.025
10 0.72109375 0.4890625 0.021875 0.05
10 0.69921875 0.3984375 0.0421875 0.0859375
10 0.328405775 0.6390625 0.3278374703125 0.6424159125 0.3274496390625 0.6646347515625 0.3319909890625 0.673048621875 0.3374831453125 0.6717553875 0.34158271562500003 0.6607141421875 0.3464486765625 0.6390625 0.328405775 0.6390625
10 0.10930870156250001 0.7927916296874999 0.1083578953125 0.8024987359375 0.1113369828125 0.8108853390625 0.12381083906250001 0.8124921703125001 0.1318887828125 0.7973530671875 0.12402459531250001 0.76295131875 0.10930870156250001 0.7927916296874999
10 0.227015503125 0.8217021515624999 0.23365238124999999 0.799592390625 0.230376953125 0.7634186062499999 0.2219541875 0.7535478828125 0.20784535 0.7560798125 0.20542923906250002 0.7602049421875 0.20685153281250002 0.8130155859375 0.2121740140625 0.8214430921875 0.227015503125 0.8217021515624999
10 0.85390625 0.71015625 0.0265625 0.0484375
10 0.9578125 0.97734375 0.01875 0.0453125
10 0.7328125 0.85546875 0.015625 0.0359375
10 0.48203125 0.934375 0.028125 0.04375