10 0.13984375 0.23515625 0.028125 0.0328125
10 0.12421875 0.0421875 0.1203125 0.084375
10 0.76953125 0.30078125 0.03125 0.059375
10 0.490625 0.1765625 0.0203125 0.0453125
10 0.79453125 0.0203125 0.0234375 0.040625
10 0.7015625 0.04765625 0.0265625 0.0828125
10 0.29140625 0.91484375 0.0421875 0.05
10 0.0890625 0.79765625 0.025 0.0359375
10 0.0390625 0.6609375 0.0203125 0.0484375
10 0.09140625 0.4890625 0.0203125 0.040625
10 0.26328125 0.62578125 0.01875 0.034375
10 0.9640625 0.759375 0.0296875 0.05
10 0.44375 0.528125 0.06875 0.11875
10 0.7171875 0.61953125 0.0203125 0.0359375
10 0.5828125 0.96640625 0.021875 0.046875
10 0.52265625 0.6484375 0.021875 0.040625