10 0.73515625 0.36796875 0.028125 0.0328125
10 0.759375 0.1890625 0.0265625 0.0203125
10 0.09296875 0.80390625 0.0234375 0.0453125
10 0.14453125 0.9703125 0.0328125 0.059375
10 0.5981481234375 0.6050569328125001 0.611916253125 0.5643014281250001 0.61471906875 0.532927671875 0.602023275 0.5295030640625 0.5863908625 0.585422171875 0.5836826546875 0.6074787546875 0.5873196359375 0.616321234375 0.5929168859375 0.6156091703125 0.5981481234375 0.6050569328125001
10 0.7011656375 0.5510050093750001 0.7020740546875001 0.542720634375 0.715896496875 0.48657928906250003 0.6920081296875 0.48457904531249996 0.6814760609375 0.5373928796875 0.675398509375 0.5548378015625 0.679303128125 0.5679111015625 0.692124134375 0.564820925 0.7011656375 0.5510050093750001
10 0.6651108625 0.8437001515624999 0.6932254 0.782317059375 0.6738507125 0.7435558484375 0.6442144750000001 0.8182788500000001 0.642694378125 0.83395115625 0.6396201578125 0.8461675625 0.6430169875 0.8633764718750001 0.65438075 0.8605738078125 0.6651108625 0.8437001515624999
10 0.353340675 0.7121316390625 0.3513804078125 0.7216861828125 0.3534665359375 0.73033824375 0.3657041 0.7332401453124999 0.375320259375 0.71902835 0.371095115625 0.6839930265625 0.353340675 0.7121316390625
10 0.4673806921875 0.753187496875 0.47629231406250006 0.7318925999999999 0.47681601718749994 0.695574603125 0.4694711640625 0.6848775328125 0.45517495781249995 0.68592081875 0.45234088906250003 0.689770796875 0.4482351765625 0.7424408078125 0.4526475859375 0.7513784984375 0.4673806921875 0.753187496875
10 0.5229216484375 0.5487098687499999 0.5212290187499999 0.5624952328124999 0.5285738703125 0.5731923015625 0.537174453125 0.5672517234375001 0.542405690625 0.5566994843749999 0.536682578125 0.5392049453125 0.5229216484375 0.5487098687499999
10 0.539544803125 0.45606366875 0.53623043125 0.47664650468750003 0.5380455703125 0.5207147109375 0.551935278125 0.5186886328125 0.551443840625 0.4617226453125 0.5468621703125001 0.4541634890625 0.539544803125 0.45606366875