10 0.27532159218749996 0.4648984546875 0.2864954921875 0.46869345781250005 0.29147144687500004 0.4640714609375 0.30040560312500003 0.43331237187499994 0.3008140875 0.4163601859375 0.2972819640625 0.4141894953125 0.27948403593750004 0.430285271875 0.2733354203125 0.4516970234375 0.27532159218749996 0.4648984546875
10 0.0375215203125 0.505227209375 0.04784671875 0.501742228125 0.0515830828125 0.495436828125 0.0523648578125 0.48424366093750004 0.047797387499999996 0.471913475 0.0394935515625 0.4658886875 0.03212294375 0.47426143749999994 0.026449740625000003 0.49719415937500006 0.0375215203125 0.505227209375
10 0.65390625 0.346875 0.05 0.1015625
10 0.71171875 0.0703125 0.0375 0.0921875
10 0.61171875 0.1078125 0.0453125 0.10625
10 0.30546875 0.88125 0.034375 0.065625
10 0.12109375 0.94453125 0.034375 0.0625
10 0.30703125 0.65390625 0.0265625 0.0484375
10 0.134375 0.66171875 0.028125 0.053125
10 0.0359375 0.7734375 0.0203125 0.0296875
10 0.6226312875 0.6705744171875 0.6286108546875 0.634927559375 0.62358556875 0.6097208046875 0.6073159968749999 0.62614144375 0.5994523796875 0.644348825 0.595987184375 0.6606512859375 0.6022696562500001 0.676185840625 0.6108622578125 0.680852090625 0.6226312875 0.6705744171875
10 0.626595171875 1 0.6284707390625 0.9925592156249999 0.6262133999999999 0.9693607234374999 0.6194203234375 0.9750163984375 0.61242300625 0.9891481640625 0.6101163765625 1 0.626595171875 1