10 0.36296395000000004 0.17674338125 0.3670071625 0.1688830390625 0.3656258171875 0.15358781875 0.3573986890625 0.1481125890625 0.35409423281249996 0.1515846796875 0.34914341875 0.1383981765625 0.343747003125 0.13520247968750002 0.3440682984375 0.1450442171875 0.3402338171875 0.14578956406250002 0.33634305468750003 0.138056546875 0.3292322578125 0.14651316718750002 0.33188238281250004 0.160146878125 0.33492182656249997 0.1553114171875 0.3403463828125 0.1627462953125 0.34597966874999997 0.16306618125 0.34559035 0.1815353515625 0.3509304828125 0.1762526828125 0.36296395000000004 0.17674338125
10 0.5104819593750001 0.371216253125 0.5246355281249999 0.38261392031249997 0.5328063734375 0.379610784375 0.5370020328125 0.35615708281249997 0.5251890359375 0.3117621140625 0.5182025453125 0.3003861921875 0.499616446875 0.3153180375 0.5005803328125 0.3448432484375 0.5104819593750001 0.371216253125
10 0.22035588750000001 0.43569610000000003 0.2337988421875 0.4557212046875 0.2486348828125 0.45425225312500006 0.2520636453125 0.43094762031249995 0.2475584328125 0.4077703125 0.2273658609375 0.37349347499999996 0.20755086406249998 0.35753674062499996 0.20294948750000003 0.3584311578125 0.2002876203125 0.38158672031249996 0.22035588750000001 0.43569610000000003
10 0.10816226250000001 0.61875 0.105429103125 0.611853740625 0.09640693593750001 0.602288396875 0.0892398578125 0.6022666515624999 0.08601982500000001 0.618456290625 0.08611750625 0.61875 0.10816226250000001 0.61875
10 0.65234375 0.365625 0.0453125 0.0859375
10 0.8453125 0.18515625 0.065625 0.1359375
10 0.095851146875 0.9654571671875001 0.092614715625 0.9406183484374999 0.0848613296875 0.9293914953125 0.0761604578125 0.9296678890625 0.0724385421875 0.94736996875 0.07511680781249999 0.9652428609375001 0.08260518125 0.9751063421874999 0.09053915625 0.97497901875 0.095851146875 0.9654571671875001
10 0.1308376453125 0.7605726796875001 0.12912326406250002 0.7722249953125 0.1358166 0.7779983640625 0.142188640625 0.7739299953125001 0.13977538750000001 0.7574204734375 0.1331101921875 0.7558862875 0.1308376453125 0.7605726796875001
10 0.4438203921875 0.790287590625 0.44013835781250005 0.7754395796875 0.43394690625 0.7681537687500001 0.421411553125 0.769175509375 0.417131471875 0.7799116640625 0.41874968749999997 0.7923310734375 0.42417424375 0.799765953125 0.43800651718749994 0.801321884375 0.4438203921875 0.790287590625
10 0.78828125 0.75 0.040625 0.0828125
10 0.7359375 0.928125 0.028125 0.0453125