10 0.8903054625 0.2374343046875 0.8798203921875001 0.24750459375 0.8755510843749998 0.2582281859375 0.8641680328125 0.33663451875 0.8751477718749999 0.351753928125 0.8922411171875 0.3535505109375 0.9054926328124999 0.33958136875 0.908788715625 0.3231693296875 0.903871503125 0.28773902812499996 0.9058959453125001 0.246055628125 0.9011830453125 0.23857758593749998 0.8903054625 0.2374343046875
10 0.63828125 0.0484375 0.034375 0.08125
10 0.5328125 0.190625 0.025 0.04375
10 0.35546875 0.47421875 0.0265625 0.0765625
10 0.19296875 0.59921875 0.0375 0.06875
10 0.0328125 0.6828125 0.0328125 0.0640625
10 0.55546875 0.57578125 0.0359375 0.084375
10 0.45 0.728125 0.0375 0.053125
10 0.56484375 0.93671875 0.0375 0.084375
10 0.79375 0.8234375 0.05625 0.1328125
10 0.6421875 0.39296875 0.028125 0.0671875
10 0.78515625 0.384375 0.0328125 0.05
10 0.7796473953125 0.53101475 0.7682831999999999 0.5270272453125 0.7581395640624999 0.5413230390625 0.75567153125 0.56480480625 0.7580535203125001 0.5720378593750001 0.764124103125 0.5740724421875 0.77349076875 0.5596949859375 0.7796473953125 0.53101475