10 0.143631484375 0.3723738296875 0.15913290625 0.37958990937500003 0.1766086625 0.36322574375 0.1794126046875 0.3368817796875 0.17244967656250001 0.288141725 0.1412044359375 0.2875963375 0.1285124234375 0.2984876015625 0.125193984375 0.30954248125 0.126344175 0.333177265625 0.143631484375 0.3723738296875
10 0.012573515625 0.1811685421875 0.0209235625 0.1952052984375 0.0367158578125 0.18575724843750002 0.049504828125 0.1693112765625 0.047403829687499996 0.1553835984375 0.035317804687499996 0.1315579296875 0.028384582812499996 0.12588050625 0.0214028828125 0.1229804390625 0.0055621078125 0.1352058421875 0.00595540625 0.157438315625 0.012573515625 0.1811685421875
10 0.314701540625 0.196165909375 0.3226340484375 0.1893588703125 0.316112896875 0.16007393281249999 0.3020525390625 0.15982850937499998 0.30542492656250003 0.19044758281250002 0.314701540625 0.196165909375
10 0.715616103125 0.1971484796875 0.7150531265625 0.1846367484375 0.708168384375 0.1761819703125 0.701895096875 0.1774615703125 0.693889871875 0.1884346421875 0.6928663453125 0.20230778124999999 0.6966992828125 0.2065419875 0.7083920078125 0.20813518593749997 0.715616103125 0.1971484796875
10 0.652226165625 0.5112134625 0.663991609375 0.5086406265625001 0.6722149906249999 0.48516945937499995 0.670332146875 0.4587436859375 0.6626905125 0.448886596875 0.6494112859375 0.4486548078125 0.6422114296875 0.4582528359375 0.6401643796875 0.48599911406249996 0.6423380953125 0.49576075937499997 0.652226165625 0.5112134625
10 0.554921434375 0.2713614453125 0.5481578890625001 0.25596328125 0.5389055140625001 0.24885627968750001 0.5308518109375 0.26260670468749997 0.526606803125 0.28198001562499997 0.5255832781249999 0.2958531546875 0.54023085 0.30722163125 0.5529471015625 0.29494169062500003 0.554921434375 0.2713614453125
10 0.08671875 0.6875 0.028125 0.0828125
10 0.00546875 0.85625 0.0109375 0.05
10 0.359375 0.90703125 0.04375 0.1296875
10 0.3046875 0.64140625 0.028125 0.053125
10 0.9765625 0.97421875 0.021875 0.0515625
10 0.93671875 0.7421875 0.01875 0.078125
10 0.7671875 0.7984375 0.01875 0.0515625
10 0.82734375 0.6015625 0.0171875 0.04375
10 0.69296875 0.91953125 0.015625 0.028125