10 0.1140625 0.19296875 0.0421875 0.0859375
10 0.059375 0.37734375 0.040625 0.0546875
10 0.23359375 0.53125 0.0453125 0.0859375
10 0.4265625 0.35078125 0.065625 0.1359375
10 0.3171875 0.10234375 0.0375 0.0578125
10 0.15234375 0.00859375 0.0328125 0.0171875
10 0.63688369375 0.5332177375 0.6325590703125 0.498686253125 0.6183773609375 0.4830494015625 0.604043203125 0.4830059125 0.6010600421875 0.4963197375 0.6031121171875 0.5355376140625 0.6195945171874999 0.55072725625 0.63688369375 0.5332177375
10 0.8152090609375 0.40941708749999994 0.8122095 0.38170245625 0.8083187359374999 0.3739694390625 0.790358828125 0.36755630156249997 0.7817142390624999 0.3763110609375 0.7797348453125 0.3866000046875 0.7906683812499999 0.4141873125 0.8152090609375 0.40941708749999994
10 0.46040642187499997 1 0.4486032015625 0.974573709375 0.4383521375 0.9341197859375001 0.4316588015625 0.928346415625 0.4209222546875 0.9304333890625 0.4138395984375 0.9431291921875001 0.4128921140625 0.9546324390625 0.41986633749999996 1 0.46040642187499997 1
10 0.12421875 0.8234375 0.040625 0.0828125
10 0.065625 0.98359375 0.028125 0.0328125
10 0.325 0.715625 0.0296875 0.0703125