10 0.86171875 0.34609375 0.01875 0.034375
10 0.7625 0.084375 0.009375 0.0203125
10 0.67578125 0.12578125 0.0125 0.040625
10 0.66953125 0.2953125 0.015625 0.04375
10 0.634375 0.42734375 0.015625 0.021875
10 0.6203125 0.01015625 0.009375 0.0203125
10 0.546875 0.2859375 0.015625 0.025
10 0.49609375 0.03671875 0.015625 0.0203125
10 0.33008939375 1 0.33046875 0.9824652781250001 0.325 0.9435763890625001 0.31953125 0.9380208328125 0.303125 0.9366319437499999 0.29140625 0.951909721875 0.2906651328125 1 0.33008939375 1
10 0.1484375 0.764409721875 0.1375 0.764409721875 0.13125 0.7588541671875 0.11953125 0.76163194375 0.1125 0.7727430562500001 0.109375 0.7907986109375 0.1046875 0.844965278125 0.115625 0.8671875 0.12734375 0.8574652781250001 0.15234375 0.851909721875 0.1640625 0.8366319437499999 0.1828125 0.8366319437499999 0.18984375 0.8213541671875 0.18671875 0.76163194375 0.1796875 0.7380208328125 0.16953125 0.73663194375 0.16484375 0.7505208328124999 0.1484375 0.764409721875
10 0.9296875 0.82421875 0.021875 0.0625
10 0.7625 0.925 0.021875 0.059375
10 0.884375 0.596875 0.01875 0.05625
10 0.71640625 0.6453125 0.0171875 0.05
10 0.64375 0.76796875 0.015625 0.028125
10 0.60625 0.9890625 0.009375 0.021875