10 0.28984375 0.09921875 0.0265625 0.0859375
10 0.215625 0.12109375 0.03125 0.071875
10 0.665625 0.03984375 0.034375 0.040625
10 0.6359375 0.40390625 0.040625 0.0109375
10 0.86015625 0.25 0.0203125 0.0609375
10 0.0944426984375 1 0.0949159796875 0.9912748406249999 0.09085156562499999 0.9839482796875 0.0824115671875 0.98181568125 0.0673131328125 0.9930424875 0.064219753125 1 0.0944426984375 1
10 0.08984375 0.41640625 0.0328125 0.0140625
10 0.75703125 0.4625 0.0203125 0.0390625
10 0.7890625 0.73984375 0.0234375 0.0359375
10 0.60078125 0.92734375 0.03125 0.0453125
10 0.6515625 0.64453125 0.0203125 0.03125
10 0.93984375 0.51171875 0.021875 0.0328125
10 0.49296875 0.83671875 0.0203125 0.0296875
10 0.60078125 0.47578125 0.05 0.09375