10 0.3500538578125 0.15690939843750001 0.3527039828125 0.1432756875 0.34916265625 0.1369277859375 0.334591628125 0.1340954640625 0.3286651875 0.140017903125 0.324983153125 0.1548659171875 0.3295282484375 0.1642386984375 0.3412967046875 0.1651113703125 0.3500538578125 0.15690939843750001
10 0.84375 0.23203125 0.040625 0.0734375
10 0.9171875 0.22578125 0.04375 0.0859375
10 0.21796875 0.46171875 0.028125 0.0296875
10 0.35234375 0.96171875 0.0203125 0.046875
10 0.1890625 0.909375 0.0296875 0.034375
10 0.64375 0.53984375 0.0375 0.084375
10 0.7234375 0.91328125 0.0546875 0.0703125
10 0.5765625 0.85546875 0.0359375 0.059375
10 0.53046875 0.4609375 0.0296875 0.0421875
10 0.559375 0.578125 0.0296875 0.05
10 0.52734375 0.52265625 0.0296875 0.0390625
10 0.49375 0.290625 0.0625 0.04375
10 0.45078125 0.6921875 0.025 0.034375