10 0.23838510624999998 0.09207896875 0.250982228125 0.0971208109375 0.2636829859375 0.0880777796875 0.2740416984375 0.051825801562499996 0.2692998140625 0.0157318125 0.26069908124999996 0.0015224375 0.24692997343749998 0.030121496874999997 0.23387245625 0.0771801203125 0.23838510624999998 0.09207896875
10 0.4176050453125 0.1194493359375 0.42299071250000003 0.120398975 0.4288128890625 0.11437400625000001 0.432717584375 0.09672841875 0.43196014531250004 0.0740298265625 0.428308571875 0.067744696875 0.4117031171875 0.0944333171875 0.40953251562500004 0.10674341406250001 0.4176050453125 0.1194493359375
10 0.081578928125 0.14904869375000002 0.0874011046875 0.1430237265625 0.091742309375 0.1184035328125 0.0865061265625 0.10760805 0.067983190625 0.12267604843749999 0.0653302328125 0.137721721875 0.06744304375 0.1437355265625 0.081578928125 0.14904869375000002
10 0.71875 0.05078125 0.025 0.0375
10 0.52578125 0.8015625 0.021875 0.0359375
10 0.35703125 0.7484375 0.03125 0.065625
10 0.175 0.81875 0.0328125 0.0625
10 0.35390625 0.50625 0.03125 0.0796875
10 0.178125 0.53515625 0.025 0.053125
10 0.08359375 0.65078125 0.0203125 0.0296875
10 0.00859375 0.8609375 0.015625 0.0359375
10 0.6596860453125 0.3796875 0.6470313437499999 0.4128745546875 0.6419207578125 0.43735908593749995 0.6433558828125 0.45171528437499997 0.65305886875 0.47317058906250004 0.668251159375 0.481490659375 0.6982570203125 0.4867815015625 0.7199491734375 0.4807342109375 0.7733234921875 0.492966171875 0.8091056828125 0.48799301875 0.82176059375 0.47471096093750004 0.8346805703125 0.4149352515625 0.8442121109375 0.3968715140625 0.8477988812499999 0.3796875 0.6596860453125 0.3796875
10 0.673699575 1 0.6790467703124999 0.982645634375 0.6963299109375 0.9476146203125001 0.7207567 0.8630718937499999 0.7068858796875 0.8112650765625 0.6683709796875 0.8002429171875001 0.6323017640625 0.8023448296875 0.61931398125 0.8085166203124998 0.5988157734375 0.8302879000000001 0.5809007921875 0.8779003359375 0.5742972921875 0.9063525703125 0.561273678125 0.9802131515625 0.562324778125 1 0.673699575 1