10 0.4890625 0.359375 0.0359375 0.0796875
10 0.340625 0.4578125 0.0296875 0.053125
10 0.3453125 0.24375 0.03125 0.0625
10 0.29765625 0.096875 0.025 0.0453125
10 0.3 0.58984375 0.021875 0.0203125
10 0.10390625 0.27578125 0.021875 0.0296875
10 0.924238171875 10 0.9242413421875 0.021087409374999998 0.9296173843750001 0.0426495359375 0.9361816624999999 0.049601325 0.9411519640625 0.04693068125 0.9422541609374999 0.035204610937500005 0.940819353125 10 0.924238171875 0
10 0.9180760515624999 0.2320872671875 0.9093921203124999 0.20323857812499999 0.8846489890625 0.18364239375 0.889457415625 0.2158430328125 0.8936547328125 0.23101914687499997 0.8951626703125001 0.24352584687499998 0.90450100625 0.2583744328125 0.9141056078125 0.25168551250000004 0.9180760515624999 0.2320872671875
10 0.8398846453125 0.389951996875 0.8414786187499999 0.399574428125 0.846526809375 0.4069042203125 0.8589915078124999 0.40522782968750004 0.8628759140625 0.3885138515625 0.8522714562499999 0.3782751703125 0.8398846453125 0.389951996875
10 0.458319175 1 0.4591508234375 0.9956041687500001 0.45125068593749995 0.9703771453125001 0.440052109375 0.9674436328125001 0.43692574687499997 0.983968609375 0.440922821875 1 0.458319175 1
10 0.4772940484375 0.80356613125 0.480232034375 0.8185790953125001 0.4861243046875 0.8228356171875 0.49572890625 0.816146696875 0.49876923125 0.8025059890625 0.4895169328125 0.7847731375 0.4772940484375 0.80356613125
10 0.59921875 0.93984375 0.04375 0.0828125
10 0.62734375 0.7234375 0.0359375 0.0609375
10 0.7653630328125 0.6756786171875 0.7668012328125 0.6653001796875 0.7641132109375001 0.6545191156250001 0.7462643203125 0.64751808125 0.7401918203125 0.661914796875 0.7412777171875 0.6759581296875 0.75424234375 0.682745540625 0.7653630328125 0.6756786171875
10 0.79375 0.82109375 0.0328125 0.0703125