10 0.30234375 0.246875 0.0140625 0.0375
10 0.0734375 0.228125 0.034375 0.046875
10 0.6734375 0.0109375 0.025 0.021875
10 0.60859375 0.2984375 0.0234375 0.040625
10 0.5984375 0.01796875 0.0265625 0.0328125
10 0.1375156578125 1 0.148038396875 0.9580311250000001 0.14714694374999998 0.953671328125 0.136344103125 0.9519603265625001 0.11931550625000001 0.974574890625 0.096548396875 0.993468159375 0.0955138546875 1 0.1375156578125 1
10 0.052002103125 0.528928478125 0.0476343296875 0.5465173109375 0.04953705625 0.5594744875 0.06530677812499999 0.5647845671875 0.0766416078125 0.5581426203125 0.09292890625 0.5002556078125 0.089048375 0.48979758125000006 0.0836469546875 0.48894207968750003 0.0707688625 0.4953396 0.052002103125 0.528928478125
10 0.1877598 0.6905818078125 0.1866734484375 0.697440753125 0.1957605015625 0.719973025 0.21194239062500003 0.7126925749999999 0.2248955609375 0.6908387265625 0.2278175203125 0.6673960937500001 0.2242740828125 0.6598038609375 0.21600340624999997 0.6570877125 0.2001586078125 0.6672339578125 0.1877598 0.6905818078125
10 0.5059105421875 0.783818046875 0.49491280312499997 0.7933257890625 0.490088115625 0.803811246875 0.48393849843750003 0.8764284578125 0.4847905984375 0.8971877062499999 0.501766490625 0.8998764234374999 0.5157309343750001 0.8866199578125 0.5198814390625 0.8704029140625 0.5168252453125 0.8347638203125001 0.521028453125 0.793243496875 0.5167133828124999 0.7855290484374999 0.5059105421875 0.783818046875
10 0.65234375 0.52734375 0.04375 0.0875
10 0.3609375 0.40390625 0.025 0.046875
10 0.7890625 0.878125 0.0453125 0.06875
10 0.40703125 0.58203125 0.0359375 0.078125