10 0.20234375 0.26796875 0.034375 0.0421875
10 0.084375 0.40390625 0.0296875 0.040625
10 0.4265625 0.1484375 0.015625 0.034375
10 0.9296875 0.2203125 0.021875 0.040625
10 0.92890625 0.3875 0.028125 0.0484375
10 0.3296875 0.80234375 0.034375 0.0734375
10 0.43359375 0.890625 0.021875 0.0453125
10 0.5453125 0.83046875 0.01875 0.0359375
10 0.1375 0.82109375 0.028125 0.046875
10 0.084375 0.54453125 0.0234375 0.0359375
10 0.759400790625 0.9697710515625001 0.7490596078125 0.91973241875 0.719511725 0.9000384562499999 0.71657928125 0.901797834375 0.7109704609375 0.9458654062499999 0.711620025 0.9639768 0.7274121124999999 0.990024159375 0.7377877828124999 0.97195835625 0.759400790625 0.9697710515625001