10 0.14375 0.0984375 0.0328125 0.0671875
10 0.02890625 0.0171875 0.0203125 0.034375
10 0.028125 0.08125 0.025 0.04375
10 0.06796875 0.1421875 0.0296875 0.0734375
10 0.25234375 0.41875 0.040625 0.06875
10 0.10546875 0.4 0.03125 0.0453125
10 0.9015625 0.49375 0.034375 0.0125
10 0.846875 0.30859375 0.015625 0.0296875
10 0.4875 0.34140625 0.040625 0.053125
10 0.65546875 0.3546875 0.025 0.0421875
10 0.68828125 0.1 0.021875 0.071875
10 0.2453125 0.8296875 0.0359375 0.05625
10 0.0578125 0.56484375 0.0234375 0.046875
10 0.09375 0.87578125 0.0234375 0.0515625