10 0.28046875 0.08203125 0.0375 0.0640625
10 0.171875 0.35703125 0.0421875 0.1265625
10 0.00390625 0.03671875 0.0078125 0.0328125
10 0.46071676093749997 0.2808340359375 0.4490482734375 0.2778521625 0.44018919843750004 0.2929776296875 0.43977712812499997 0.31658514531250004 0.44278045468749994 0.323583071875 0.44900526406249996 0.3250808265625 0.4570832078125 0.309941721875 0.46071676093749997 0.2808340359375
10 0.05625 0.14921875 0.0171875 0.0359375
10 0.8288231453125 0.4172063625 0.8421750906250001 0.41327211875 0.84715275 0.3966898 0.84456149375 0.366084359375 0.8354787953125001 0.3492566140625 0.8315489015624999 0.3505771171875 0.827425090625 0.363007040625 0.8190562734375 0.39481027343749997 0.819595009375 0.40871068125 0.8288231453125 0.4172063625
10 0.1958460140625 0.8957252734375001 0.1938662140625 0.8748542078125 0.1877868421875 0.8650243890624999 0.18078090156249998 0.863513 0.173629525 0.870333675 0.1716794328125 0.8925252421875 0.17697767343749998 0.9023414265625 0.1870596578125 0.9066847093749999 0.1958460140625 0.8957252734375001
10 10 0.8527324265624999 0.009460359375000001 0.8452424828125 0.010362687499999999 0.83831273125 0.002866490625 0.820123578125 10 0.819773140625 10 0.8527324265624999
10 10 0.6832137515625 0.0049252578125 0.6823298796875 0.0097817203125 0.672690946875 0.009999875 0.6601928499999999 0.0047258734375 0.6489879890625 10 0.6489054984375 10 0.6832137515625
10 0.9015625 0.8953125 0.0265625 0.0796875
10 0.984375 0.69375 0.025 0.05625
10 0.89453125 0.58671875 0.0140625 0.0359375