10 0.017675882812499998 0.34026912343750004 0.0292716515625 0.3474170296875 0.034006915625 0.344721484375 0.04093466875 0.305947596875 0.0383191734375 0.2767308328125 0.034583193750000005 0.26694191875 0.02987216875 0.26824878750000003 0.0242103359375 0.2792627640625 0.0150119078125 0.313829715625 0.0146967953125 0.331882521875 0.017675882812499998 0.34026912343750004
10 0.09383031875 0.09572762500000001 0.08687285781250001 0.0914388796875 0.07454990624999999 0.1259512921875 0.073647578125 0.1328810453125 0.080459603125 0.14550185468750002 0.089833175 0.1456654703125 0.0964700546875 0.123555709375 0.09383031875 0.09572762500000001
10 0.18246481875 0.3000834109375 0.19725782812499998 0.303119825 0.2035795953125 0.299062871875 0.2100467984375 0.28667385312500004 0.20855178593749998 0.23802924062500003 0.2002017390625 0.22399248593749999 0.19312308125 0.22664712812499999 0.1850693765625 0.2403975546875 0.1791166703125 0.268075659375 0.17804466562500001 0.284726153125 0.18246481875 0.3000834109375
10 0.23692893750000002 0.5371811640625 0.2472533171875 0.527637671875 0.2524733703125 0.49716857968749995 0.24734480625000002 0.477631653125 0.233429884375 0.46905416562499996 0.2270596390625 0.4758884734375 0.217836971875 0.5118441046875 0.2167892078125 0.5271059203124999 0.21905988125000003 0.53131285625 0.23692893750000002 0.5371811640625
10 0.423032034375 0.5293168015624999 0.425545103125 0.5196369640625 0.423662259375 0.493211190625 0.4096746203125 0.488799734375 0.4047212 0.5039933765625 0.4028680640625 0.5206302359375 0.40660404375 0.53041915 0.4190536609375 0.533414659375 0.423032034375 0.5293168015624999
10 0.8169158796874999 0.052467314062500006 0.826949384375 0.059587953125 0.8410824609375 0.055667345312500005 0.84376520625 0.0362667671875 0.834852184375 0.009718281249999999 0.8224510453124999 0.0039454156249999995 0.81998645625 0.0108479 0.8196471031250001 0.030289381250000004 0.8155717718750001 0.03994195 0.8169158796874999 0.052467314062500006
10 0.9317682125000001 0.237215953125 0.9250046671875 0.221817790625 0.9157522921875 0.2147107859375 0.9076985875 0.22846121406250003 0.9034535796875 0.247834521875 0.9024300546875 0.26170766093750003 0.9170776281249999 0.2730761390625 0.9297938796875 0.2607961984375 0.9317682125000001 0.237215953125
10 0.79640790625 0.45633757968750005 0.8037774390625 0.43701880937500004 0.8011619421875 0.407802046875 0.786708284375 0.38532415000000003 0.778775778125 0.3921311890625 0.7773401812499999 0.4296118421875 0.7808580046875 0.451898853125 0.7877912265625 0.4575762765625 0.79640790625 0.45633757968750005
10 0.6348284390625001 10 0.6399643171875 0.0382658109375 0.6522927359375 0.04820470625 0.6570280015625001 0.0455091609375 0.663446725 0.0358974953125 0.6652513828125 0.022037993750000002 0.6613988421875 10 0.6348284390625001 0
10 0.61875 0.3668992796875 0.6266946140625 0.37543125312500003 0.6321867703125 0.37413801874999997 0.6362863421875 0.3630967734375 0.6303281671875001 0.3463235671875 0.61875 0.3569238515625 0.61875 0.3668992796875
10 0.6633949328125001 0.2187948203125 0.6768438359375 0.20930586875 0.6820154109375001 0.1816141296875 0.6738108015625001 0.1592453109375 0.6653880375 0.1493745859375 0.6528899406249999 0.14915643125 0.6471796296875001 0.1629477625 0.64447264375 0.18373701874999998 0.6525560578125 0.213049225 0.6633949328125001 0.2187948203125
10 0.43034639218750004 0.6637849484375 0.4188960609375 0.6483049765625 0.4088140765625 0.64396169375 0.37613323906249996 0.6808969609375 0.374425540625 0.6892017546875 0.37443100937499996 0.7336530640625 0.382659859375 0.75463320625 0.393401778125 0.7659335109375001 0.41378390156249995 0.76212198125 0.4414386 0.7445463906249999 0.4462708234375 0.7362961328125 0.43970119375000005 0.7097885515625 0.43923517500000003 0.6917221109375 0.43034639218750004 0.6637849484375
10 0.7125 0.58671875 0.0171875 0.0265625