10 0.359375 0.15234375 0.028125 0.0546875
10 0.07421875 0.04296875 0.0359375 0.0625
10 0.6140625 0.0953125 0.0453125 0.0859375
10 0.80234375 0.015625 0.0390625 0.03125
10 10 0.6716662999999999 0.0093461546875 0.684809771875 0.0225027828125 0.693175703125 0.0413573796875 0.684546509375 0.06393869375 0.6608027109375 0.0666314625 0.6516285015625 0.05384421406249999 0.6274976453125001 0.049021371875000004 0.6100805968749999 0.033638010937500004 0.5851236765625 0.018782859375 0.5728736125 0.00794961875 0.5710983984375 10 0.5863676203125 10 0.6716662999999999
10 0.935091965625 0.556759984375 0.9284567015625 0.569695234375 0.9279112515625 0.581224540625 0.9426749703125001 0.65906514375 0.9579789156250001 0.669786171875 0.9747259015624999 0.665919825 0.9827075484375001 0.648397471875 0.9804808171874999 0.631806484375 0.964296525 0.5999073640625 0.952639884375 0.559835840625 0.9457491375 0.5542995828125 0.935091965625 0.556759984375
10 0.628125 0.465625 0.0421875 0.0828125
10 0.66015625 0.25703125 0.0359375 0.059375
10 0.7671875 0.7921875 0.03125 0.0703125
10 0.5828125 0.63828125 0.0296875 0.0453125
10 0.8060722968749999 0.20975987499999998 0.80769140625 0.19940811875 0.80519195 0.188581784375 0.7874679609374999 0.18127031093749998 0.7811451296875 0.19555885312500002 0.7819857703124999 0.2096189984375 0.7948299671875001 0.2166316390625 0.8060722968749999 0.20975987499999998
10 0.828125 0.34765625 0.0328125 0.0703125