10 0.58515625 0.453125 0.046875 0.1078125
10 0.3506293125 10 0.3463730703125 0.026899025 0.34830986406250003 0.049036685937500005 0.353705825 0.056929765624999996 0.359032715625 0.055069528125 0.361955703125 0.043660246874999996 0.366949421875 0.0009327937499999999 0.36633720468750003 10 0.3506293125 0
10 0.3143658609375 0.261600265625 0.31030177187499997 0.231748284375 0.2889287875 0.20852268281250003 0.2886407234375 0.241079084375 0.29041229999999996 0.256724959375 0.2899451921875 0.2693135734375 0.296845728125 0.2854401859375 0.3073784578125 0.2803361078125 0.3143658609375 0.261600265625
10 0.218666746875 0.404744959375 0.21873581718750001 0.41449827656249993 0.22257522343749997 0.4225275375 0.23514870625 0.4228216953125 0.24159993124999998 0.40692114999999995 0.2327277140625 0.3951496203125 0.218666746875 0.404744959375
10 0.8258216203125001 0.073850515625 0.8223221625000001 0.00862955 0.800384546875 0.0207729328125 0.8000964843749999 0.053329334375 0.801868059375 0.068975209375 0.8014009515625 0.0815638234375 0.8083014859375 0.0976904359375 0.8188342171875 0.09258635937500001 0.8258216203125001 0.073850515625
10 0.7155397046875 0.2415076109375 0.715608775 0.2512609265625 0.71944818125 0.2592901890625 0.732021665625 0.2595843453125 0.738472890625 0.24368379999999998 0.729600671875 0.2319122703125 0.7155397046875 0.2415076109375
10 0.9149200593749999 0.48570787187500003 0.9089017593750001 0.45277374375 0.8958269874999999 0.4288221421875 0.892834928125 0.4304781078125 0.8856915875 0.4743230890625 0.8857086781250001 0.4924461203125 0.9005821046874999 0.5190287484375 0.9115819437500001 0.50133605625 0.9149200593749999 0.48570787187500003
10 0.459375 0.98515625 0.021875 0.0296875
10 0.52734375 0.74296875 0.01875 0.034375
10 0.35 0.73515625 0.0265625 0.065625
10 0.1921875 0.85 0.028125 0.0609375
10 0.121875 0.58046875 0.021875 0.0421875
10 0.06015625 0.70390625 0.0171875 0.028125
10 0.04296875 0.934375 0.0125 0.034375
10 0.79375 0.7 0.0328125 0.08125
10 0.7171875 0.86015625 0.025 0.04375
10 0.99609375 0.6125 0.0078125 0.06875