10 0.3438036109375 10 0.34082808125 0.016043660937500002 0.3398558640625 0.031759470312499996 0.3372098625 0.0440757234375 0.34120520781249997 0.061155601562499995 0.3524642359375 0.05795805625 0.36259892968749996 0.040720203125 0.3637803234375 0.010616018750000001 0.3569855328125 10 0.3438036109375 0
10 0.243496884375 0.16507223124999998 0.241871259375 0.17468936562499998 0.2442580703125 0.1832633515625 0.25658945312500003 0.1857364015625 0.2657037703125 0.1711976640625 0.25901044687499997 0.1580643265625 0.243496884375 0.16507223124999998
10 0.390155234375 0.3796875 0.3900535984375 0.3633221125 0.3813366125 0.33746397968749997 0.3781024546875 0.338575221875 0.36374260468749997 0.3796875 0.390155234375 0.3796875
10 0.68515625 0.26015625 0.0328125 0.08125
10 0.7796875 0.071875 0.028125 0.0578125
10 0.9329280546875001 0.071657940625 0.9376667874999999 0.0623131671875 0.9386351843749999 0.0512443375 0.9240380390624999 0.0388137 0.9136092671875 0.0504490484375 0.910063940625 0.0640808125 0.920112471875 0.07471930624999999 0.9329280546875001 0.071657940625
10 0.9109375 0.209375 0.0234375 0.06875
10 0.139812290625 0.5197828875 0.155135734375 0.523911903125 0.1596323671875 0.5173343375 0.1616382328125 0.48544335937500005 0.15781591718750002 0.47534959062500004 0.1478193640625 0.4730808125 0.139483325 0.4876876390625 0.135989975 0.50968911875 0.139812290625 0.5197828875
10 0.066899165625 0.7615703875 0.061434134375000005 0.7792167828125001 0.0602236375 0.7930528203125 0.0631466265625 0.8044621031249999 0.07265898125 0.8122652968749999 0.081220028125 0.8130142921874999 0.0885356921875 0.80110658125 0.089417221875 0.7551752953124999 0.0875146109375 0.741066896875 0.083744275 0.7393428421875 0.066899165625 0.7615703875
10 0.45 1 0.47362736875 1 0.46583338281250003 0.94031233125 0.45460853593749995 0.9072638187500001 0.45 0.9047132078125 0.45 1
10 0.713642865625 0.666423678125 0.70020494375 0.6945260890625 0.6937024453125 0.7329946328125001 0.6954840078125001 0.7484866359375 0.7124679625000001 0.7694912578124999 0.720025725 0.7548163421874999 0.7329623578125 0.7503713734375 0.741713525 0.739983446875 0.7473686765625001 0.7112001296875 0.7424220265624999 0.6870660515625 0.71986908125 0.6669684015625 0.713642865625 0.666423678125