10 0.51171875 0.23046875 0.034375 0.05625
10 0.25546875 0.04765625 0.0234375 0.046875
10 0.08203125 0.06484375 0.0234375 0.0359375
10 0.14375 0.375 0.025 0.0546875
10 0.7265625 0.3109375 0.0421875 0.0515625
10 0.70078125 0.4640625 0.0203125 0.009375
10 0.68203125 0.028125 0.01875 0.034375
10 0.15703125 0.96328125 0.0546875 0.0734375
10 0.2625781875 0.657140246875 0.260217525 0.591868140625 0.23807131875 0.6036268109374999 0.2372151125 0.6361732250000001 0.2387133609375 0.6518476359375 0.238026621875 0.66442618125 0.24464465937500002 0.68067076875 0.25526486406250004 0.6757512890624999 0.2625781875 0.657140246875
10 0.47334236250000006 1 0.48167486875 0.9871050562499999 0.48528522656249995 0.9715375109375 0.47984262187500004 0.938503365625 0.467187853125 0.9143272265625001 0.46416735 0.9159307203125 0.45625989687499996 0.9596443562499999 0.4559606953125 0.9777649234375 0.4678969046875 1 0.47334236250000006 1
10 10 0.7711602765625 0.0016533625 0.7816632921875 0.018600951562500002 0.788831884375 0.026398695312499998 0.77714836875 0.029427750000000003 0.7532677890625 0.025689373437500003 0.7465678015625 0.025565709375000002 0.7298690828125001 0.0195931578125 0.7265739765625 0.0076480546875 0.7199837640625001 10 0.7579745890625 10 0.7711602765625
10 0.74453125 0.61640625 0.0390625 0.05625
10 0.89375 0.77421875 0.0265625 0.0546875
10 0.9859375 0.58203125 0.028125 0.0515625