10 0.20811397031249998 0.2722502078125 0.21079855468750003 0.2637647453125 0.209146109375 0.24716180625 0.20117954062500001 0.22949898281249997 0.19899887656249998 0.18788941875 0.1988873921875 0.1559069796875 0.206359634375 0.11935470625 0.2052693015625 0.09854992500000001 0.19879040312500001 0.079418340625 0.179067853125 0.0762795703125 0.1609977484375 0.08974373906250001 0.1495519203125 0.1251134625 0.11268972656250001 0.1979758703125 0.11532592187499999 0.2632050734375 0.12165944375 0.2795626875 0.1334542203125 0.2956340890625 0.1414740796875 0.29938616875 0.166294440625 0.29530380156249997 0.1806817140625 0.286205025 0.1892442890625 0.27045753437500003 0.20811397031249998 0.2722502078125
10 0.7638882718750001 0.1743130375 0.76456186875 0.202093634375 0.76726585 0.20890590156250002 0.7794773625 0.2180014859375 0.7864989765624999 0.21763349999999998 0.8059113734375 0.1999266 0.8082325125 0.184506209375 0.8036774171874999 0.1722277765625 0.7896874796875 0.159053009375 0.7722327796874999 0.1544045921875 0.7638882718750001 0.1743130375
10 0.18435895 1 0.185490325 0.99336750625 0.1831303890625 0.9781924406249999 0.1702840765625 0.9719117125000001 0.16384397343749998 0.9833755828124999 0.163083190625 0.9987141984375001 0.163821090625 1 0.18435895 1
10 0.26792708906249996 0.8082438375000001 0.2809720703125 0.80338779375 0.28478088125 0.78649864375 0.280061009375 0.7561485140624999 0.26982659062500003 0.7399953375 0.2659983828125 0.741586759375 0.2627516859375 0.754274065625 0.2566217359375 0.7865836078124999 0.25812880312500003 0.800412575 0.26792708906249996 0.8082438375000001
10 0.059119389062500007 1 0.059312343749999996 0.9808181499999999 0.051345775 0.963155325 0.047444878125 0.9633597625 0.0421483984375 0.981717675 0.0403166828125 0.991549234375 0.0415579265625 1 0.059119389062500007 1
10 10 0.7836479640625 0.008501503125 0.7858336203125 0.017354832812500002 0.7756340734375 0.0162645 0.7548292921875 0.0069556390625 0.7414091984375 10 0.7446980359375 10 0.7836479640625
10 0.59548835 0.7099349421875 0.5952508859375 0.6904762578125 0.5906231015625 0.6768108406250001 0.583456109375 0.67440485625 0.5769433171875 0.6844817421875 0.574985621875 0.7068370609375 0.5874152 0.7200936015625 0.59548835 0.7099349421875
10 0.7053192671875 0.7904082328125 0.7060461546875001 0.8042780875 0.7145748359375 0.8177390671874999 0.7284726859375 0.814229121875 0.736962571875 0.797094646875 0.7370691546874999 0.7692731625 0.7328048140625001 0.762542671875 0.7265633796875 0.7628697718749999 0.7108338125 0.776211278125 0.7053192671875 0.7904082328125
10 0.8954553624999999 0.8805808562500002 0.8991042984375 0.9054239328125 0.913021546875 0.9172117140625 0.9280436234374999 0.90529808125 0.9304374515625 0.8912646765625001 0.9276413828125001 0.8677676984375001 0.9243026000000001 0.86377029375 0.906358475 0.8647107046875 0.8995549281249999 0.8692396484374999 0.8954553624999999 0.8805808562500002
10 0.9409914046875001 0.6000354296875 0.94979144375 0.6037466234375 0.95730248125 0.5977898078124999 0.9588434421875001 0.5824103046875 0.9525826093750001 0.5674396765624999 0.9437825703125 0.56372848125 0.9387574484375001 0.5723366078125001 0.9365816859375 0.5905309671875 0.9409914046875001 0.6000354296875
10 0.6680109234375 0.51142290625 0.6625496671875 0.5117091171875 0.6555474515624999 0.5273748328125001 0.6675408968750001 0.5323094625 0.6711510374999999 0.526557084375 0.6706422156249999 0.5168481843749999 0.6680109234375 0.51142290625