10 0.29140625 0.24375 0.0609375 0.0890625
10 0.04765625 0.0421875 0.0203125 0.03125
10 0.97265625 0.346875 0.0390625 0.0609375
10 0.740625 0.16875 0.0359375 0.05
10 0.31171875 0.89453125 0.05 0.0890625
10 0.0296875 0.75078125 0.028125 0.046875
10 0.371875 0.59609375 0.0390625 0.0921875
10 0.06328125 0.93125 0.040625 0.078125
10 0.271875 0.63515625 0.040625 0.084375
10 0.8859375 0.93984375 0.040625 0.053125
10 0.9515625 0.67109375 0.04375 0.0609375
10 0.80703125 0.5671875 0.0375 0.059375
10 0.7 0.47265625 0.025 0.0265625