10 0.0477406109375 0.28675719375000003 0.05517984375 0.2933911578125 0.0597076203125 0.29217794375 0.06250941875 0.2784862515625 0.050578096875 0.270180171875 0.0477406109375 0.28675719375000003
10 0.27421875 0.075 0.04375 0.071875
10 0.8889298359375001 0.2670401203125 0.88803245625 0.278783640625 0.8951122171874999 0.28407604062499997 0.9011849406250001 0.27957309218750004 0.8976259203125 0.2632721265625 0.8908699421874999 0.26220661875 0.8889298359375001 0.2670401203125
10 0.41015625 0.6296875 0.0296875 0.059375
10 0.25390625 0.71484375 0.046875 0.0734375
10 0.2546875 0.4953125 0.0375 0.0703125
10 0.20078125 0.34140625 0.025 0.046875
10 0.209375 0.88671875 0.028125 0.0375
10 0.84609375 0.86015625 0.0546875 0.09375
10 0.74765625 0.65390625 0.0453125 0.0796875
10 0.5953125 0.74609375 0.0546875 0.08125
10 0.59609375 0.53046875 0.03125 0.0640625
10 0.54453125 0.3890625 0.028125 0.0578125
10 0.7109375 0.98515625 0.046875 0.0296875
10 0.55546875 0.8859375 0.03125 0.040625
10 0.70859375 0.48359375 0.0234375 0.04375
10 0.4578125 0.4296875 0.015625 0.0875