10 0.015625 0.4078125 0.03125 0.10625
10 0.4365988859375 0.23317469375000002 0.441592603125 0.19044724375 0.4378112015625 0.1591763359375 0.4246808203125 0.15846617031250002 0.421016253125 0.2164134734375 0.422953046875 0.2385511328125 0.4283490078125 0.2464442125 0.43367589687499997 0.244583975 0.4365988859375 0.23317469375000002
10 0.5262656109374999 0.1783919984375 0.5254317593750001 0.17009978750000002 0.527279703125 0.11231141874999999 0.5018948890624999 0.0671296984375 0.504176178125 0.1691710203125 0.5018584374999999 0.1874983203125 0.508395825 0.199474121875 0.5202941765625 0.1937858375 0.5262656109374999 0.1783919984375
10 0.538077484375 0.46409787187499996 0.5528153890625 0.3982108078125 0.5258051765625 0.3643248453125 0.512352346875 0.44357669218750007 0.5141239234375 0.4592225671875 0.513656815625 0.47181118125 0.5205573515624999 0.4879377921875 0.53109008125 0.482833715625 0.538077484375 0.46409787187499996
10 0.340420775 0.380079146875 0.34471019687500004 0.35739676249999996 0.33767152187500005 0.32176351875 0.328263125 0.3128272875 0.3144962375 0.3168201203125 0.3125245546875 0.32117520312500003 0.319459271875 0.373547875 0.32563350937499996 0.3813728640625 0.340420775 0.380079146875
10 0.359474384375 0.18554863906250002 0.3606848796875 0.19938467499999998 0.370093275 0.20832090781249998 0.3772707984375 0.20072198437500002 0.3801937875 0.18931270312499998 0.3709584203125 0.1733903609375 0.359474384375 0.18554863906250002
10 0.35663345625 0.0933156390625 0.3576709234375 0.114137784375 0.368608690625 0.15686560624999998 0.38177363125 0.1519959703125 0.3694490390625 0.096377003125 0.36339584999999996 0.08993561718750001 0.35663345625 0.0933156390625
10 0.308587065625 0.5329724796875001 0.3175632421875 0.528004584375 0.321921734375 0.5150755171875 0.321489515625 0.5011713890625 0.3167507828125 0.49182661406249994 0.305612803125 0.4900126734375 0.295564271875 0.500651165625 0.2929353625 0.5064579421875 0.2946820359375 0.5174586828125001 0.308587065625 0.5329724796875001
10 0.02109375 0.65625 0.0421875 0.059375
10 0.00859375 0.9609375 0.0171875 0.078125
10 0.58671875 0.9140625 0.0359375 0.034375
10 0.81484375 0.7984375 0.01875 0.0359375