10 0.24809758125 0.2716873875 0.251642909375 0.258055621875 0.2641124328125 0.24102203906250003 0.270562953125 0.19418378281249998 0.26596236093750003 0.18402192343749998 0.2334648421875 0.1700252046875 0.230783953125 0.155848715625 0.23182142031250003 0.13502656875000002 0.22751490625 0.13046721562500002 0.21995714375 0.1451421328125 0.20575803593750003 0.1550534265625 0.1949490234375 0.188962615625 0.179954546875 0.216928846875 0.17808682343749999 0.22931319062500002 0.1831545234375 0.25206366406249997 0.19176755 0.2611823734375 0.1979766765625 0.279850125 0.2083883578125 0.28633780625 0.22862356250000002 0.2881081578125 0.24809758125 0.2716873875
10 0.8530527453125 0.19195148906249998 0.865390140625 0.1507403125 0.867096321875 0.1192878484375 0.8542887421875 0.1163084046875 0.840617403125 0.1727390109375 0.8386806078125 0.1948766703125 0.8426239734375001 0.2035868375 0.8481929625 0.202679865625 0.8530527453125 0.19195148906249998
10 0.95844416875 0.120773509375 0.9590629156249999 0.1124624765625 0.9569917374999999 0.0537251140625 0.9410716015624999 0.050473359375000006 0.9382915328125 0.107856828125 0.9328265015625 0.125503225 0.9371849937500001 0.1384322921875 0.9498903421874999 0.1348965515625 0.95844416875 0.120773509375
10 0.37265625 0.440625 0.0140625 0.034375
10 0.19609375 0.384375 0.0140625 0.05
10 0.28046875 0.54453125 0.0203125 0.05
10 0.1625 0.51484375 0.01875 0.0265625
10 0.0828125 0.37109375 0.01875 0.0234375
10 0.46640625 0.8640625 0.021875 0.0375
10 0.69639368125 0.588651415625 0.71076581875 0.5857262328124999 0.716524928125 0.573682340625 0.716957146875 0.5597782125 0.7122355046875 0.55099995625 0.7014606750000001 0.5486630859374999 0.69283055625 0.557667409375 0.6873655265624999 0.57531380625 0.69639368125 0.588651415625
10 0.7504436828125 0.8582770796875 0.7613395625 0.8592303453125 0.7703328296875 0.8460752109375 0.7741893281250001 0.8199229203125 0.7697788546875 0.7986241421875 0.75679024375 0.794699396875 0.7472607984375 0.8050192328125 0.7423839250000001 0.833870640625 0.7504436828125 0.8582770796875
10 0.86026409375 0.5890462765625 0.8600739734375 0.6001831953125001 0.8732185234375001 0.6292170796875001 0.88567095625 0.6303065265625 0.8924504421874999 0.6155635187499999 0.8940931578125 0.587823353125 0.8917063468749999 0.57924936875 0.8871577343749999 0.577457221875 0.877697359375 0.5780237406250001 0.86026409375 0.5890462765625