10 0.3863022328125 0.1671368640625 0.3956772328125 0.15880353125 0.3964584828125 0.14769241875 0.3909897328125 0.131025753125 0.3823959828125 0.12269241875 0.3706772328125 0.12130353125 0.3675522328125 0.153247975 0.3714584828125 0.162970196875 0.3863022328125 0.1671368640625
10 0.0522376640625 0.27133608124999997 0.0459876640625 0.25883608125 0.0311439140625 0.2727249703125 0.0342689140625 0.28939163749999997 0.0475501640625 0.2935583046875 0.0522376640625 0.286613859375 0.0522376640625 0.27133608124999997
10 0.09104325937499999 0.5296875 0.088998290625 0.5233253765625 0.075717040625 0.51638093125 0.06823209531249999 0.5296875 0.09104325937499999 0.5296875
10 0.218230228125 0.3529260703125 0.22682397812500002 0.38487051562499996 0.23229272812500001 0.38764829375 0.241667728125 0.3779260703125 0.24401147812500001 0.35848162656250004 0.23854272812500002 0.3362594046875 0.231511478125 0.3237594046875 0.22526147812500003 0.32237051562499996 0.21744897812500003 0.334870515625 0.218230228125 0.3529260703125
10 0.48046875 0.040625 0.0234375 0.08125
10 0.53125 0.39609375 0.0296875 0.08125
10 0.7546875 0.25625 0.0421875 0.1296875
10 0.6953125 0.00859375 0.028125 0.0171875
10 0.259383878125 1 0.26484375 0.9928819437499999 0.26640625 0.976215278125 0.2578125 0.94149305625 0.25546875 0.8998263890625001 0.25 0.89288194375 0.2390625 0.89288194375 0.2296875 0.90399305625 0.2265625 0.9151041671875 0.2234375 0.9942708328125001 0.22859375 1 0.259383878125 1
10 0.05234375 0.5453125 0.0234375 0.03125
10 0.7260591421875 1 0.7282943859375 0.9960262343749999 0.7267318859375 0.9849151234375 0.7204818859375 0.976581790625 0.7118881359375 0.9849151234375 0.7103256359375 0.9960262343749999 0.71200206875 1 0.7260591421875 1