10 0.2640625 0.28984375 0.04375 0.1375
10 0.05911949062500001 0.43773148125 0.055994490625000004 0.4043981484375 0.045056990625 0.3793981484375 0.041931990625 0.3807870375 0.030994490625 0.42384259375 0.029431990624999998 0.4418981484375 0.041931990625 0.4696759265625 0.054431990625 0.45300925937500003 0.05911949062500001 0.43773148125
10 0.20395220625000002 10 0.2015625 0.009027778125 0.19140625 0.028472221875 0.18984375 0.0395833328125 0.19453125 0.05208333281250001 0.21015625 0.0548611109375 0.21796875 0.046527778125 0.21875 0.013194443750000001 0.21521577343749998 10 0.20395220625000002 0
10 0.6611125890625 0.47274305625 0.6642375890625 0.45885416718750005 0.6626750890625 0.4435763890625 0.6501750890625 0.43663194375 0.6431438390625 0.44774305625000005 0.6415813390625 0.46302083281249995 0.6486125890625 0.47690972187499997 0.6548625890625 0.4796875 0.6611125890625 0.47274305625
10 0.7527786234375 0.272125771875 0.7660598734375 0.26795910625 0.7707473734375 0.2512924390625 0.7676223734375001 0.22073688281249998 0.7582473734375 0.2040702171875 0.7543411234375 0.20545910625000002 0.7504348734375 0.21795910625 0.7426223734375 0.24990355000000003 0.7434036234375 0.2637924390625 0.7527786234375 0.272125771875
10 0.5390625 0.46008873437500003 0.540625 0.435088734375 0.53359375 0.4170331796875 0.5296875 0.4170331796875 0.5234375 0.435088734375 0.52109375 0.44481095625 0.52265625 0.46147762343750004 0.5328125 0.46564429062499996 0.5390625 0.46008873437500003
10 0.500785053125 0.2218171296875 0.500785053125 0.2009837953125 0.492191303125 0.18709490625 0.482035053125 0.1912615734375 0.473441303125 0.202372684375 0.471097553125 0.214872684375 0.478128803125 0.227372684375 0.49141005312499997 0.2315393515625 0.500785053125 0.2218171296875
10 0.8634249781250001 0.5 0.8638027171874999 0.48925540156249997 0.8575527171874999 0.46981095625 0.8442714671874999 0.46425540156249995 0.8364589671874999 0.485088734375 0.835260740625 0.5 0.8634249781250001 0.5
10 0.92890625 0.9640625 0.0265625 0.071875
10 0.75859375 0.98828125 0.0359375 0.0234375
10 0.81484375 0.80703125 0.015625 0.0625
10 0.8015625 0.65703125 0.015625 0.05625
10 0.571875 0.78046875 0.01875 0.03125
10 0.634375 0.70390625 0.01875 0.0359375
10 0.9359375 0.790625 0.0125 0.040625
10 0.6890625 0.66953125 0.034375 0.08125