10 0.475766665625 0.304869846875 0.466199178125 0.31581565 0.4628807390625 0.32687052968749997 0.45837456562499995 0.4059706 0.4706302671875 0.42007552812500004 0.48781515000000003 0.420375490625 0.4997987484375 0.4053045609375 0.501651884375 0.3886677015625 0.4936654296875 0.3538007875 0.4920492203125 0.3120995609375 0.4867025 0.3050607328125 0.475766665625 0.304869846875
10 0.2 0.11875 0.0265625 0.0796875
10 0.24296875 0.5015625 0.0171875 0.06875
10 0.10234375 0.28515625 0.021875 0.0421875
10 0.42734375 0.07109375 0.021875 0.0359375
10 0.9462725781250001 0.12231392187500001 0.9442927765625001 0.1014428578125 0.9382134046875 0.0916130390625 0.9312074656250001 0.09010165 0.9240560890625 0.0969223234375 0.9221059953124999 0.119113890625 0.9274042359375001 0.1289300765625 0.937486221875 0.133273359375 0.9462725781250001 0.12231392187500001
10 0.7243107249999999 0.0712101484375 0.725213053125 0.064280396875 0.71771685625 0.04609124375 0.7044618687499999 0.044470776562499995 0.7020215171874999 0.0499845828125 0.7000956640625 0.070787471875 0.7038801218749999 0.0777990328125 0.714010584375 0.07936496093749999 0.7243107249999999 0.0712101484375
10 0.6605952875 0.2100884484375 0.6588148703125001 0.222559275 0.6625508484375 0.23234818906250002 0.668799896875 0.23245726718749998 0.679978125 0.2187613796875 0.669260446875 0.206072396875 0.6605952875 0.2100884484375
10 0.35468939375 0.7085946156249999 0.34695080312500004 0.7042922359375 0.3387759 0.72498605 0.33838806875 0.7472048875 0.3436620703125 0.75840975 0.3498868796875 0.7599075046875 0.3578436265625 0.7517117859375 0.35468939375 0.7085946156249999
10 0.27332273749999997 0.8488626015625 0.2736136109375 0.8321984734375001 0.2699261109375 0.8196322031250001 0.2599653234375 0.808345534375 0.2496409453125 0.817889025 0.2484719828125 0.8400942265625 0.2536490265625 0.8568537984375 0.269198928125 0.861292525 0.27332273749999997 0.8488626015625
10 0.1825981765625 0.71948175625 0.18088500937500002 0.6833352421875001 0.1740245078125 0.6734917874999999 0.162991715625 0.6788556109374999 0.15796557656250002 0.6982152859374999 0.157674703125 0.7148794140625 0.1645109671875 0.7261115453125 0.1722737984375 0.729025246875 0.1825981765625 0.71948175625
10 0.14157823125 0.8312828875000001 0.15109724062500002 0.8231144390624999 0.143504084375 0.8104799953124999 0.1371338390625 0.8173143062499999 0.13774529375 0.82704868125 0.14157823125 0.8312828875000001
10 0.06525338124999999 0.682705984375 0.0647631234375 0.666028221875 0.057194207812499995 0.6520051 0.0454287640625 0.6545779359375 0.0405723015625 0.66421686875 0.0395245359375 0.679478684375 0.047898821875000004 0.6921267625 0.058005046875 0.69508136875 0.06525338124999999 0.682705984375
10 0.9546463875000001 0.6225307078125 0.9526665859375001 0.6016596421875 0.9465872140625 0.5918298234375 0.9395812750000001 0.5903184343750001 0.9324298984375 0.597139109375 0.9304798046875 0.619330678125 0.9357780468750001 0.6291468609375 0.94586003125 0.6334901453125 0.9546463875000001 0.6225307078125
10 0.7157457765624999 0.559375 0.7145165265625 0.5726532546875001 0.718300984375 0.5796648140625 0.7284314484375 0.5812307421875 0.7387315875 0.5730759296875 0.739633915625 0.566146178125 0.736843346875 0.559375 0.7157457765624999 0.559375
10 0.673496184375 0.6995801390625 0.6717157671875 0.712050965625 0.675451746875 0.7218398796875001 0.6817007953124999 0.7219489578125 0.6928790234375 0.7082530703125001 0.68216134375 0.6955640875 0.673496184375 0.6995801390625