10 0.36484375 0.2109375 0.021875 0.0359375
10 0.159375 0.0234375 0.0171875 0.0421875
10 0.175 0.18828125 0.01875 0.0453125
10 0.15390625 0.31796875 0.0171875 0.0234375
10 0.271875 0.321875 0.0125 0.025
10 0.053125 0.1765625 0.01875 0.0359375
10 0.46171875 0.13828125 0.0140625 0.021875
10 0.3649454546875 0.7834714234375 0.3567832390625 0.7955016203125 0.3548367859375 0.806878515625 0.360004075 0.88593815 0.3738873828125 0.8984443484375 0.390980728125 0.8966477656249999 0.40103831874999996 0.8802287374999999 0.4008501171875 0.8634900468750001 0.388673984375 0.8298563281250001 0.38198772187499996 0.78866290625 0.3758230375 0.78232814375 0.3649454546875 0.7834714234375
10 0.07890625 0.6515625 0.034375 0.08125
10 0.13671875 0.440625 0.0296875 0.0578125
10 0.16953125 0.98359375 0.0234375 0.0328125
10 0.00859375 0.8109375 0.0171875 0.04375
10 0.280183065625 0.41298713750000005 0.28305166875 0.4029098609375 0.281890240625 0.39185961874999997 0.265189409375 0.3824426328125 0.25717237187499997 0.3958541109375 0.25629324531250003 0.409911903125 0.268187078125 0.41843758593749997 0.280183065625 0.41298713750000005
10 0.2875 0.5609375 0.0234375 0.06875
10 0.03203125 0.3515625 0.0203125 0.025