10 0.55703125 0.409375 0.040625 0.078125
10 0.38046875 0.425 0.05 0.08125
10 0.475 0.23203125 0.028125 0.0640625
10 0.490625 0.08203125 0.025 0.0578125
10 0.24140625 0.159375 0.025 0.034375
10 0.31796875 0.09609375 0.025 0.0390625
10 0.596875 0.2390625 0.0203125 0.04375
10 0.6796875 0.41062477656249996 0.6798654078124999 0.41105910312500005 0.6867393328125 0.41663991093749997 0.7118100375 0.41868339531250004 0.727971140625 0.4133354890625 0.7400890328124999 0.400127240625 0.7579645171875 0.40643165156250005 0.762622178125 0.398847703125 0.7650354312500001 0.38233818125 0.761578528125 0.36327273125000004 0.769528903125 0.3223715984375 0.7771579828124999 0.291312203125 0.7932510625 0.2576533875 0.79722625 0.23720282187500003 0.79556815 0.21707214062500002 0.7771907828125 0.2092552890625 0.7564001593749999 0.217947959375 0.7367376125 0.2494980546875 0.6833433703125 0.311278365625 0.6796875 0.3289541296875 0.6796875 0.41062477656249996
10 0.37411162343750004 0.7495307125 0.36278876875 0.7586488484375 0.35760108281249997 0.7689595390624999 0.3394277859375 0.8460754125 0.34904800156250004 0.8620942359375 0.36591971874999996 0.865373765625 0.3803383 0.8526127265625 0.3850522421875 0.8365504125000001 0.3832416953125 0.8008263718749999 0.38889138125 0.7594780296874999 0.3848481703125 0.7516176859374999 0.37411162343750004 0.7495307125
10 0.15078125 0.54921875 0.040625 0.0828125
10 0.1390625 0.88828125 0.0296875 0.0703125
10 0.0359375 0.6890625 0.028125 0.0453125
10 0.80390625 0.53046875 0.1171875 0.1234375