10 0.76866179375 0.2750790875 0.784508853125 0.2742262234375 0.7886261375 0.26633584843749997 0.7937040265624999 0.2249797578125 0.791956425 0.21357062500000001 0.7867685890625 0.204537725 0.7797897484375 0.20368083124999997 0.7730785453125 0.20705475624999997 0.7667333562499999 0.2202688578125 0.761049303125 0.2601512 0.76866179375 0.2750790875
10 0.6978833125 0.063020859375 0.6920893125 0.05251421093750001 0.682740790625 0.07095682656249999 0.6800325843749999 0.0930134078125 0.683669565625 0.1018558875 0.689266815625 0.101143825 0.694498053125 0.0905915859375 0.6978833125 0.063020859375
10 0.44568791093750004 0.0143304484375 0.43684717812499996 0.0286374546875 0.4482384265625 0.0384320390625 0.45373730156250003 0.03211061875 0.4555991953125 0.0169467203125 0.45300527656249995 0.012430268749999999 0.44568791093750004 0.0143304484375
10 0.6170716640625 0.27885526718750003 0.6166072765624999 0.26340573749999996 0.6120256046874999 0.2558465828125 0.602988121875 0.2589348765625 0.594655178125 0.2691062734375 0.5915809578125 0.2813226796875 0.5949777890625001 0.2985315890625 0.6063415515624999 0.29572892500000003 0.6170716640625 0.27885526718750003
10 0.051406339062499994 0.45518171250000006 0.05343749531250001 0.438639278125 0.051083728125000005 0.4257563984375 0.0423572859375 0.41349037187500004 0.031091898437499998 0.421902390625 0.0276082640625 0.44386376250000004 0.031005095312499998 0.46107267187499995 0.0460058390625 0.4671124875 0.051406339062499994 0.45518171250000006
10 0.22829679375 0.7653163656249999 0.2247581859375 0.762083240625 0.2151420265625 0.7762950359375 0.21216618125000003 0.7941207968749999 0.216747853125 0.8016799531250001 0.2237266921875 0.8025368468749999 0.2291271921875 0.790606071875 0.22829679375 0.7653163656249999
10 0.3235017671875 0.758640934375 0.32829610468750003 0.7452364125 0.32860714375 0.7298820921875 0.31704663125 0.7214660453125 0.3087136875 0.731637440625 0.30530094218750004 0.7466109203125 0.3105871515625 0.761253178125 0.31645203906249997 0.7647719343749999 0.3235017671875 0.758640934375
10 0.42916133749999996 0.564826015625 0.44285137968750005 0.5623089859375 0.44953509531249997 0.5463378109375 0.4501571734375 0.5156291703125 0.442883209375 0.49794420937500006 0.43883681249999995 0.49884669375 0.4334363124999999 0.51077746875 0.421788996875 0.5415317 0.42087179374999995 0.5554122734375 0.42916133749999996 0.564826015625
10 0.5067195718749999 0.809279115625 0.51020320625 0.7873177453125 0.506369475 0.7672565546875 0.49386427343749995 0.7601238312499999 0.4835710625 0.779849771875 0.4796505265625 0.798958859375 0.48217355624999997 0.8104632031250001 0.48942003437500003 0.815550915625 0.5067195718749999 0.809279115625
10 0.5795828578125001 0.9381006156249999 0.5824328421875 0.9020682499999999 0.5752297671875001 0.877395396875 0.5604532578125 0.8951715390625001 0.5542064421875 0.9139949937499999 0.5521752875 0.93053743125 0.5597877765625 0.94546531875 0.568754371875 0.9493649171874999 0.5795828578125001 0.9381006156249999
10 0.2681713375 0.8452906390624999 0.25792152812499997 0.8454314406249999 0.2541427703125 0.85056474375 0.253056303125 0.865823853125 0.2668447203125 0.868916178125 0.27217433281250003 0.8639732953125 0.2736977 0.85156646875 0.2681713375 0.8452906390624999