10 0.28519644843749997 0.2613821234375 0.2785611859375 0.2743173734375 0.2780157359375 0.2858466796875 0.2927794546875 0.3636872828125 0.3080834 0.3744083125 0.3248303859375 0.370541965625 0.3328120328125 0.3530196109375 0.3305853015625 0.3364286234375 0.3144010078125 0.304529503125 0.30274436875 0.2644579796875 0.295853621875 0.258921721875 0.28519644843749997 0.2613821234375
10 0.9 0.2578125 0.0296875 0.0625
10 0.8546875 0.11015625 0.025 0.0453125
10 0.6578125 0.2859375 0.021875 0.0296875
10 0.21796875 0.4859375 0.0453125 0.0859375
10 0.1703125 0.671875 0.0421875 0.05625
10 0.34921875 0.81953125 0.046875 0.0859375
10 0.3625 0.5875 0.0671875 0.121875
10 1 0.853185196875 0.997416121875 0.851109221875 0.9867589484374999 0.8535696234374999 0.9801236859374999 0.8665048734374998 0.9795782359375 0.8780341796875 0.9943419546874999 0.9558747828125 1 0.9598384718750002 1 0.853185196875
10 0.68671875 0.75703125 0.0421875 0.0828125
10 0.71875 0.54140625 0.0359375 0.059375
10 0.63359375 0.92578125 0.0296875 0.0453125
10 0.8574776906249999 0.49617680937499997 0.8590967984375 0.48582505156250005 0.8565973421875 0.47499871875000005 0.8388733546875 0.46768724375000004 0.8325505234375001 0.48197578593749996 0.8333911640625 0.49603593281249997 0.8462353609375001 0.5030485734375001 0.8574776906249999 0.49617680937499997