10 0.1640625 0.32265625 0.0421875 0.0828125
10 0.284375 0.140625 0.034375 0.059375
10 0.3 0.009375 0.03125 0.01875
10 0.4291611546875 0.15856635937500002 0.43500340625 0.14986874687500001 0.4373135375 0.13900043906249998 0.4243401109375 0.1248835125 0.41257107968750006 0.13516118593749998 0.407390884375 0.1482592765625 0.4160680109375 0.16004307812500002 0.4291611546875 0.15856635937500002
10 0.390625 0.3015625 0.03125 0.0703125
10 0.21875 0.01875 0.025 0.0375
10 0.95703125 0.3140625 0.0296875 0.040625
10 0.16875 0.4234375 0.04375 0.06875
10 0.046875 0.56328125 0.0421875 0.05625
10 0.146875 0.77265625 0.0453125 0.0859375
10 0.39453125 0.6828125 0.06875 0.1359375
10 0.390625 0.4140625 0.0375 0.05
10 0.9375 0.97109375 0.0203125 0.0296875
10 0.90078125 0.59921875 0.021875 0.0296875