10 0.3109375 0.4140625 0.03125 0.071875
10 0.18671875 0.26640625 0.0203125 0.0625
10 0.16328125 0.11796875 0.01875 0.05625
10 0.0046875 0.1765625 0.009375 0.0375
10 0.30625 0.2421875 0.015625 0.0421875
10 0.0515625 0.13828125 0.0390625 0.084375
10 0.60390625 0.02578125 0.021875 0.0359375
10 0.11328125 0.95 0.0328125 0.053125
10 0.7 0.80078125 0.0328125 0.084375
10 0.62421875 0.97578125 0.0359375 0.0484375
10 0.9828125 0.96484375 0.034375 0.0703125
10 0.91328125 0.7359375 0.03125 0.0546875
10 0.7640625 0.59765625 0.025 0.0671875
10 0.7375 0.4578125 0.025 0.015625
10 0.67265625 0.49453125 0.0203125 0.0609375
10 0.8984375 0.56015625 0.03125 0.0734375
10 0.5859375 0.6296875 0.025 0.0546875