10 0.065625 0.23203125 0.0359375 0.084375
10 0.01015625 0.54375 0.0203125 0.05
10 0.61640625 0.45078125 0.04375 0.059375
10 0.7953125 0.06484375 0.0328125 0.04375
10 0.88515625 0.44140625 0.0359375 0.065625
10 0.746875 0.2359375 0.028125 0.0421875
10 0.00625 0.96484375 0.0125 0.0609375
10 0.52578125 0.7578125 0.0296875 0.05
10 0.5421875 0.71953125 0.021875 0.040625
10 0.64375 0.6375 0.0375 0.0703125
10 0.725 0.60859375 0.028125 0.0625
10 0.79609375 0.93984375 0.040625 0.059375
10 0.6609375 0.90078125 0.0390625 0.0546875
10 0.6078125 0.58671875 0.025 0.0359375