10 0.11245077968749999 0.363754925 0.12188337499999999 0.321783521875 0.1213913875 0.290288659375 0.1084071703125 0.288209884375 0.098705534375 0.34545669375 0.098317703125 0.3676755328125 0.1028590515625 0.37608940468749996 0.1083512078125 0.3747961703125 0.11245077968749999 0.363754925
10 0.20539928125 0.311202428125 0.205436771875 0.30286848125 0.213315121875 0.2455898453125 0.1927921453125 0.1980021984375 0.18439471406250002 0.2997229890625 0.1801739453125 0.317707621875 0.1854237078125 0.3303011609375 0.1978514671875 0.3258877515625 0.20539928125 0.311202428125
10 0.3731618484375 0.627604403125 0.37979872812500004 0.60549464375 0.3765232984375 0.569320859375 0.368100534375 0.5594501359375 0.353991696875 0.5619820671875 0.351575584375 0.56610719375 0.3529978796875 0.6189178375 0.358320359375 0.62734534375 0.3731618484375 0.627604403125
10 0.0422945359375 0.2185269296875 0.042052140625 0.2324137015625 0.05047490624999999 0.24228442499999997 0.058407414062499996 0.235477384375 0.06250698437499999 0.22443613906249998 0.054986548437500005 0.20763566406249997 0.0422945359375 0.2185269296875
10 10 0.4737387609375 0.007199553124999999 0.4836955625 0.01664584375 0.47969314843750005 0.0223319171875 0.4672904953125 0.0233554421875 0.45341735625 0.0196194625 0.44362844062500006 0.0087321078125 0.44066020000000006 10 0.4481533921875 10 0.4737387609375
10 0.184375 0.5890625 0.034375 0.065625
10 0.696875 0.4828125 0.0328125 0.0546875
10 0.4578125 0.278125 0.021875 0.0453125
10 0.54375 0.0046875 0.021875 0.009375
10 0.66875 0.94140625 0.03125 0.0671875
10 0.4859375 0.87890625 0.0359375 0.05