10 0.075277084375 0.399958390625 0.07813763124999999 0.3876901921875 0.07337365312500001 0.373224084375 0.0638537546875 0.3666373453125 0.0541456546875 0.376789296875 0.049005275 0.395800571875 0.059259121875 0.41782638437499997 0.075277084375 0.399958390625
10 0.9693508125000001 0.3137243515625 0.9640061218749999 0.30478336562499997 0.954588378125 0.31217275624999996 0.9518730109375 0.32305967343750003 0.9553734046875 0.33459989375 0.9623661375000001 0.33533485937499996 0.9697433265625002 0.3249379203125 0.9693508125000001 0.3137243515625
10 0.2528221921875 1 0.25725980625 0.983797803125 0.2775390203125 0.93286074375 0.2807329453125 0.9024725734375 0.2756275328125 0.8837809640625001 0.2555634296875 0.857930971875 0.2250653328125 0.8491393375000001 0.21253970937500002 0.8562020765625 0.19669915 0.962070690625 0.20364885937500002 0.978163065625 0.195301546875 1 0.2528221921875 1
10 0.4296875 0.59230148125 0.42391606406250004 0.5865419171874999 0.3850675515625 0.5824587734375 0.3656943734375 0.5874052671875 0.36249239375000003 0.5954479609375001 0.3686812453125 0.656149625 0.3627289296875 0.712782121875 0.3659900453125 0.7340729671874999 0.391783296875 0.7577320375000001 0.4059139390625 0.7578206890625 0.417807771875 0.7492950046875 0.4296875 0.7223840875 0.4296875 0.59230148125
10 0.76796875 0.759375 0.0359375 0.084375
10 0.6625 0.91953125 0.0375 0.053125
10 0.9859375 0.73125 0.028125 0.05625
10 0.86640625 0.5703125 0.028125 0.06875
10 0.86640625 0.4328125 0.0265625 0.00625
10 0.79375 0.45625 0.021875 0.053125
10 0.99375 0.55546875 0.0125 0.0734375