10 0.09405547187499999 0.1835909 0.075440578125 0.2335910453125 0.0741657953125 0.2546188453125 0.086748334375 0.2743323546875 0.10778961875 0.261765809375 0.12568966718750002 0.241431984375 0.132500340625 0.224420709375 0.1321622421875 0.1959504953125 0.122823059375 0.179766215625 0.1043982671875 0.16875031875 0.09405547187499999 0.1835909
10 0.7104139046875 0.459375 0.7058408921874999 0.4276127640625 0.7096969734374999 0.4057137203125 0.7029214953125 0.40001379375 0.688571165625 0.4111627125 0.66893851875 0.4396477671875 0.6573737312500001 0.441449346875 0.6434988125000001 0.4541192359375 0.6424486640625 0.459375 0.7104139046875 0.459375
10 0.16425746875 0.97578771875 0.1737691578125 0.9423115546874999 0.1668246296875 0.9223765203125 0.15364696093750002 0.9167356874999999 0.1456988203125 0.9278255156250002 0.132264121875 0.9647275703125 0.1415011828125 0.9851498968750001 0.16425746875 0.97578771875
10 0.0897167203125 0.6463446734375 0.101196984375 0.6374255390625 0.09941505625 0.615748015625 0.0926395765625 0.6100480906250001 0.0834518453125 0.61945451875 0.07951124062500001 0.6342360078125 0.0831278875 0.64352425625 0.0897167203125 0.6463446734375
10 0.37677960312500003 0.931505890625 0.3848474609375 0.9048224171874999 0.384287525 0.8961838953125 0.3702611546875 0.883263075 0.3588830125 0.8879441640625 0.353040759375 0.8966417765625 0.3523259125 0.9263080984375 0.37677960312500003 0.931505890625
10 0.9453125 0.89765625 0.046875 0.084375
10 0.9403628609375 0.6834417484374999 0.95622395 0.6839732921875 0.961013259375 0.6764717859375 0.9696762453125001 0.6357156359375 0.9689296640624999 0.6241976046875 0.9645488390625001 0.614746928125 0.9576712390625 0.6132850484375 0.9506915171875001 0.616061215625 0.9432187890625 0.6286720140625001 0.9340803906249999 0.66790719375 0.9403628609375 0.6834417484374999
10 0.8807895921875 0.459375 0.8725592421874999 0.47260772656250005 0.86793898125 0.4943443390625 0.8707914515624999 0.5034701546875 0.8764294625 0.5032486328125 0.88256048125 0.49319248125000004 0.8883358062500001 0.4660217140625 0.8853938578125 0.459375 0.8807895921875 0.459375
10 0.7890204609375 0.6739916078125 0.78990435625 0.6585603953125 0.7859989437499999 0.650630684375 0.7767266890625001 0.652919559375 0.7675389578124999 0.6623259875 0.76341170625 0.6742279703125 0.76529575625 0.691667446875 0.77686054375 0.689865865625 0.7890204609375 0.6739916078125
10 0.6724964140624999 0.76376366875 0.6697108734375 0.7731110078125 0.6710349859375 0.7819119609375 0.6829730656249999 0.7858693953125 0.693791271875 0.7725497828125001 0.688748390625 0.7586986281250001 0.6724964140624999 0.76376366875
10 0.7758606968749999 0.9651173343749999 0.779734375 0.9318626906249999 0.774233678125 0.9051349671875 0.7708882015625 0.90584378125 0.7512379578124999 0.9456844359375001 0.745955640625 0.963020571875 0.7524071609374999 0.9927902343749999 0.7680992015625 0.9790866703125001 0.7758606968749999 0.9651173343749999
10 0.5909438046875 0.9783489828124999 0.5912994984375001 0.9954635984374999 0.5960712109374999 0.9993176937499999 0.5999942218750001 0.9958918015624999 0.6060407156250001 0.978718096875 0.6044278359374999 0.9712756812500001 0.5909438046875 0.9783489828124999