10 0.2399678625 0.122762734375 0.24959527812500001 0.1252250328125 0.2586788984375 0.11447665781250001 0.25921582656250003 0.0972185453125 0.2578674609375 0.0857553734375 0.25299802968749996 0.07654692187499999 0.2460533453125 0.07544699218749999 0.23922848281250003 0.0785846453125 0.23242599218749999 0.0915692515625 0.231803646875 0.11771977656249999 0.2399678625 0.122762734375
10 0.1108846921875 0.1065365734375 0.1054609 0.09583411875 0.095474434375 0.1139392390625 0.0919981140625 0.13588786875 0.09532428125 0.1448518921875 0.10094297187500001 0.144335603125 0.106539290625 0.1339723609375 0.1108846921875 0.1065365734375
10 0.452233078125 10 0.4459150765625 0.00798341875 0.4390625 0.01927655 0.4390625 0.16989421093749998 0.441545796875 0.170410775 0.4550757015625 0.1598978859375 0.4665383109375 0.11249633125 0.464590840625 0.079845246875 0.47711742812499996 0.0157377890625 0.47675796562499995 0.0030250421875 0.47185992656250003 10 0.452233078125 0
10 0.3640625 0.740625 0.04375 0.0828125
10 0.34770963125 0.5271921796875001 0.3635768015625 0.5268928890625 0.3679669484375 0.5191510109374999 0.37448505 0.4779973296875 0.3731366859375 0.46653415625 0.368267253125 0.45732570624999996 0.3613225703125 0.4562257765625001 0.3544977078125 0.4593634296875 0.34769521718749996 0.4723480359375 0.340622753125 0.5120077125 0.34770963125 0.5271921796875001
10 0.2697621359375 0.31875 0.2689647328125 0.3201956640625 0.2654884125 0.34214429375 0.2688145796875 0.351108315625 0.274433271875 0.350592028125 0.28002958906250003 0.340228784375 0.28343149375 0.31875 0.2697621359375 0.31875
10 0.19608005781249999 0.5256756390625 0.196155134375 0.5102193140625 0.1918400640625 0.502504865625 0.1827003078125 0.5052758749999999 0.1740174625 0.515150259375 0.17051876875 0.5272519359375 0.1733129484375 0.5445689093749999 0.1847676 0.5421645421875001 0.19608005781249999 0.5256756390625
10 0.084414009375 0.6214230671875 0.0821214875 0.6309033796875 0.08390439375 0.6396229734375 0.09603322656249999 0.64295019375 0.1061395140625 0.6290826546874999 0.1003786296875 0.61551440625 0.084414009375 0.6214230671875
10 0.19817467187499999 0.8170911171874999 0.200302628125 0.7836793156249999 0.1934106484375 0.7572761046875 0.1901068515625 0.7581590359375 0.1725686375 0.7989735046875001 0.1682008640625 0.8165623375 0.1762015671875 0.8459535562500001 0.1911549125 0.8314475140625 0.19817467187499999 0.8170911171874999
10 0.01420369375 0.839982434375 0.015454609375000001 0.8570549796875 0.0204214890625 0.8606540593750001 0.0241598265625 0.8570275484375 0.029299231250000002 0.83956093125 0.02729905625 0.832213125 0.01420369375 0.839982434375
10 0.43378904062499996 1 0.4364651109375 0.9856093609375 0.4294980546875 0.9746624765625 0.42255337187500003 0.9735625468750001 0.41331616562500006 0.9819429281249998 0.407405128125 0.9992873328125 0.40729225312499995 1 0.43378904062499996 1
10 0.825008384375 0.5818817921875 0.8140106453125 0.591389534375 0.8091859578125 0.6018749921875 0.7937150374999999 0.679578128125 0.803888440625 0.6952514531249999 0.820864334375 0.6979401703125 0.8348287781250001 0.684683703125 0.83897928125 0.668466659375 0.8359230875 0.6328275671875 0.8401262953125 0.59130724375 0.8358112249999999 0.5835927953125 0.825008384375 0.5818817921875
10 0.5828125 0.38046875 0.0375 0.08125
10 0.5796875 0.74375 0.0265625 0.0703125
10 0.4703125 0.51640625 0.0265625 0.04375