10 0.42865651875 0.291337109375 0.418348796875 0.30158885468749996 0.41426729062499995 0.312385321875 0.40425435312499997 0.390978375 0.41549628906249997 0.40590385937500006 0.4326183859375 0.40740184843750005 0.44562408906249995 0.3932035640625 0.44863323906249997 0.3767364984375 0.44309843125 0.3413974109375 0.44439508906249997 0.299685028125 0.4395523984375 0.292290375 0.42865651875 0.291337109375
10 0.1734375 0.10703125 0.0328125 0.08125
10 0.1953125 0.45703125 0.021875 0.0453125
10 0.0703125 0.25078125 0.025 0.04375
10 0.390625 0.065625 0.0234375 0.06875
10 0.69921875 0.35078125 0.0328125 0.08125
10 0.79609375 0.16796875 0.028125 0.0578125
10 0.7953125 0.01015625 0.025 0.0203125
10 0.023083028125 0.779969784375 0.0198837578125 0.80757376875 0.021613340624999998 0.8146960609375 0.03244015 0.8254026421875 0.03944464375 0.8260154562500001 0.06113244375 0.8111825625 0.06557709843750001 0.7962352828125 0.062775159375 0.7834423968750001 0.0507549453125 0.768448821875 0.034117048437500005 0.7614164171875 0.023083028125 0.779969784375
10 0.5518356062499999 0.557678753125 0.5327767156250001 0.578318425 0.5513172265625 0.599459228125 0.5615038984375 0.5905910875 0.5652913265625 0.5741921140625 0.5615900609375 0.5627147406249999 0.5518356062499999 0.557678753125
10 0.7977042203125 0.77716505 0.805486990625 0.7778459546875001 0.809862575 0.772651990625 0.81179936875 0.75051433125 0.8073888968749999 0.7292155515625 0.795472640625 0.730961403125 0.7891773546875 0.7401699953125 0.78544190625 0.76493868125 0.7874135890625 0.769293765625 0.7977042203125 0.77716505
10 0.6401298015625 0.830300396875 0.641461346875 0.8150807546875001 0.6347680234374999 0.8019474171875001 0.6225576890625 0.7980907640625 0.615778203125 0.8128337703125 0.61306313125 0.8349033421875 0.617058475 0.85198321875 0.6329351875 0.8408245031250001 0.6401298015625 0.830300396875