10 0.2966958421875 0.5 0.300278284375 0.45966435156249996 0.298715784375 0.45549768437499993 0.28777828437499997 0.45549768437499993 0.274497034375 0.48049768437499996 0.25735632656249996 0.5 0.2966958421875 0.5
10 0.14715050624999998 0.057349537500000006 0.14558800624999998 0.07540509375 0.14949425624999998 0.08790509375 0.16590050625 0.0906828703125 0.17605675625 0.0823495375 0.18308800625 0.022627315624999998 0.17761925625 0.012905093749999999 0.17215050625 0.012905093749999999 0.16043175625 0.021238426562500003 0.14715050624999998 0.057349537500000006
10 0.29767235937500003 0.19021990625000001 0.29767235937500003 0.1971643515625 0.310172359375 0.217997684375 0.32501610937500003 0.2082754625 0.334391109375 0.1846643515625 0.333609859375 0.16105324062499998 0.32892235937500003 0.1541087953125 0.320328609375 0.15271990625 0.306266109375 0.16521990625 0.29767235937500003 0.19021990625000001
10 0.003125 0.35703125 0.00625 0.0234375
10 0.66015625 0.08515625 0.021875 0.08125
10 0.809375 0.43671875 0.04375 0.0625
10 0.65390625 0.4078125 0.025 0.05625
10 0.53359375 0.0296875 0.021875 0.0390625
10 0.584375 0.1390625 0.021875 0.046875
10 0.5421875 0.090625 0.021875 0.0359375
10 0.10234375 0.61484375 0.034375 0.0546875
10 0.23984375 0.7828125 0.021875 0.053125
10 0.346875 0.5984375 0.0265625 0.05
10 0.68671875 0.7140625 0.0234375 0.046875
10 0.84453125 0.91953125 0.0296875 0.0640625
10 0.97265625 0.75 0.015625 0.0265625