10 0.30078125 0.5265625 0.0203125 0.0265625
10 0.17421875 0.07734375 0.0171875 0.0484375
10 0.07890625 0.19609375 0.0125 0.0265625
10 0.3279458046875 0.7092490171875 0.3436169046875 0.7067443546875001 0.3468868640625 0.69846683125 0.3476140484375 0.6568065093750001 0.344683440625 0.6456425515625 0.338579828125 0.6372014109374999 0.33154965000000003 0.6370786984375 0.32522788281250004 0.641135653125 0.3202987015625 0.65494061875 0.3188146265625 0.6951986265625 0.3279458046875 0.7092490171875
10 0.17758081875 0.7288499921875 0.17550406093749998 0.7135336390625 0.17015734062500001 0.706494809375 0.16149218125 0.710510859375 0.15426808593750002 0.721497565625 0.15248766875 0.7339683921875 0.1576647125 0.7507279640625 0.168673265625 0.7467528171875 0.17758081875 0.7288499921875
10 0.08032696406249999 0.839206525 0.07937615625 0.8489136328125 0.08235524375 0.857300234375 0.0948291 0.8589070671875 0.10290704531249999 0.8437679625 0.0953138890625 0.8311335203125001 0.08032696406249999 0.839206525
10 0.21890684375 1 0.2176694671875 0.9837551265624999 0.2071699421875 0.9585680484375001 0.2040211796875 0.9599021875 0.1930866453125 1 0.21890684375 1
10 0.7738349015625 0.8396230875 0.7642674140625 0.8505688890625 0.760948975 0.86162376875 0.7564428015625 0.940723840625 0.768698503125 0.95482876875 0.7858833859375001 0.95512873125 0.7978669843749999 0.9400578015625 0.7997201203125 0.9234209421875 0.791733665625 0.8885540265625 0.79011745625 0.8468528031249999 0.7847707359375 0.8398139718750001 0.7738349015625 0.8396230875
10 0.5015625 0.65859375 0.0265625 0.0796875
10 0.41328125 0.82421875 0.021875 0.0421875
10 0.7203125 0.6171875 0.01875 0.06875