10 0.665625 0.5890625 0.034375 0.021875
10 0.53125 0.5671875 0.025 0.046875
10 0.78359375 0.36796875 0.0265625 0.053125
10 0.6734375 0.2359375 0.0296875 0.0515625
10 0.634375 0.1515625 0.05625 0.0921875
10 0.38671875 0.98203125 0.0453125 0.0359375
10 0.07421875 0.98125 0.0265625 0.0375
10 0.3296875 0.71015625 0.034375 0.0921875
10 0.25234375 0.784375 0.0359375 0.084375
10 0.77734375 0.60546875 0.0234375 0.0109375
10 0.7296875 0.9671875 0.0265625 0.0484375
10 0.60078125 0.66484375 0.0265625 0.0421875