10 0.5103010125 10 0.5101495640625 0.0031941593749999996 0.5175146749999999 0.1016415015625 0.5246786921875 0.13434553124999998 0.5325747359374999 0.1473692109375 0.5448831875 0.15145519999999998 0.566256609375 0.1460322359375 0.60133164375 0.0983466671875 0.593840671875 0.0181059296875 0.5939658375 10 0.5103010125 0
10 0.39774297187499996 0.0984674265625 0.3904690078125 0.1161523890625 0.39290957656250003 0.1424397875 0.4055015828125 0.1744773453125 0.41442911875000005 0.2279546296875 0.4394829234375 0.233274325 0.45249591406249995 0.23027721250000002 0.47001968749999995 0.21273305156250003 0.471696403125 0.194336028125 0.464729134375 0.1504132859375 0.4665751125 0.133394796875 0.463796015625 0.10435032500000001 0.44909039531249995 0.093562075 0.39774297187499996 0.0984674265625
10 0.3877271015625 0.4464174234375 0.3821298515625 0.4457053609375 0.3730373953125 0.46781156093750004 0.3766194046875 0.4841635765625 0.38892785625 0.4882495640625 0.3967096109375 0.4747002125 0.3960600453125 0.4565888203125 0.3877271015625 0.4464174234375
10 0.97421875 0.1578125 0.0359375 0.08125
10 0.9078125 0.3265625 0.0265625 0.04375
10 0.46328125 0.94296875 0.0359375 0.078125
10 0.29921875 0.98671875 0.0453125 0.0265625
10 0.33046875 0.79921875 0.0234375 0.0625
10 0.29921875 0.65234375 0.021875 0.05625
10 0.0859375 0.803125 0.021875 0.0328125
10 0.1390625 0.71953125 0.021875 0.0375
10 0.44921875 0.76875 0.01875 0.0421875
10 0.1890625 0.678125 0.04375 0.0859375
10 0.8467272890625 1 0.8423895390624999 0.9907675781249999 0.8328442671874999 0.9835436734374999 0.8210436046874999 0.9835932953125 0.82144823125 1 0.8467272890625 1
10 1 0.9027539625 0.9954177578125 0.883547659375 0.981558453125 0.8796520921875001 0.9705057296875002 0.89220375 0.969604440625 0.9105055625 0.9843100609375 0.9212938125000001 0.9971537890625001 0.9169181640625 1 0.905113725 1 0.9027539625
10 0.7104594765625001 0.8033546765625001 0.7105853375 0.785148071875 0.7008982890625 0.7639483859375 0.6862635578125 0.7601480265625 0.680977346875 0.774790284375 0.682981015625 0.80392996875 0.6933017140625 0.8110586609375 0.7104594765625001 0.8033546765625001