10 0.46328125 0.35859375 0.065625 0.14375
10 0.23600798125 0.1195281265625 0.239286459375 0.0895796859375 0.224167128125 0.0618733921875 0.21601151562499998 0.0933930375 0.2139453859375 0.10900274843749999 0.21044669218749998 0.12110442343750001 0.213240871875 0.138421396875 0.22469552343750002 0.13601703125 0.23600798125 0.1195281265625
10 0.10234974687500001 0.23429155937499999 0.100057225 0.24377187031249997 0.10184013125 0.2524914640625 0.11396896406249998 0.255818684375 0.12407525156250002 0.2419511453125 0.11831436718749999 0.228382896875 0.10234974687500001 0.23429155937499999
10 0.23780064374999998 0.4727686484375 0.2399286 0.439356846875 0.2330366203125 0.4129536359375 0.229732825 0.41383656875 0.2121946109375 0.4546510375 0.2078268359375 0.47223986875 0.21582753906250002 0.5016310875000001 0.23078088437500002 0.48712504531249995 0.23780064374999998 0.4727686484375
10 0.44687201249999997 0.118239403125 0.4558919484375 0.11123081093750001 0.46187806093750006 0.0784300796875 0.45872441875 0.0484003609375 0.455420621875 0.0492832921875 0.44555397812499997 0.0716259953125 0.43248098749999997 0.089242259375 0.42919956406250004 0.09997214531250001 0.431873921875 0.11305153593749999 0.44687201249999997 0.118239403125
10 0.5 0.57120853125 0.5031701109375 0.5711985421875 0.52858920625 0.555537709375 0.5305446375 0.5431916046875 0.525270996875 0.5015764984375 0.5160864953125001 0.48465359843750005 0.5099134421875 0.4836758828125 0.5 0.4872618734375 0.5 0.57120853125
10 0.31875 0.6 0.0375 0.040625
10 0.315625 0.94375 0.0265625 0.0703125
10 0.20625 0.71640625 0.0265625 0.04375
10 0.5252240968749999 0.639130034375 0.53171186875 0.6331265875 0.5356451015625 0.6182813359375 0.52978676875 0.6103224578125 0.5254940718750001 0.6124549640625 0.5253518781250001 0.598370428125 0.5213738984375 0.593521771875 0.5183097453125 0.6028798703125 0.5144515875 0.6022687984374999 0.5134403140625 0.5936714171874999 0.503866015625 0.59918600625 0.5016933156250001 0.6129039 0.5062032828125 0.6093996046875 0.5087578203125 0.6182414125 0.5139419703125 0.6204687015625 0.5072593015625 0.6376908921875 0.5140841640625 0.6345532390625 0.5252240968749999 0.639130034375
10 0.596400884375 0.8782079843750001 0.6058026562500001 0.89375909375 0.6145078734375 0.8937316624999999 0.626472140625 0.8731273921875001 0.630555528125 0.827369484375 0.6278811703125 0.81429009375 0.6053089578125 0.82196461875 0.596116496875 0.850038909375 0.596400884375 0.8782079843750001