10 0.27265625 0.4078125 0.0328125 0.04375
10 0.28046875 0.1046875 0.0171875 0.0625
10 0.54609375 0.3375 0.034375 0.0859375
10 0.5484375 0.0390625 0.021875 0.078125
10 0.30859375 0.40625 0.0265625 0.046875
10 0.4578125 0.090625 0.025 0.08125
10 0.0445231234375 0.8099146375 0.0347660625 0.820691796875 0.03125519375 0.8316870796875001 0.0340012265625 0.9045124625 0.037376890625 0.9250131312499998 0.054553920312500004 0.925612965625 0.06679871875 0.9107534734375001 0.068941925 0.8941514906249999 0.0615651984375 0.8591505015625 0.060677021875 0.817427421875 0.055453960937500005 0.81029635 0.0445231234375 0.8099146375
10 0.15859375 0.5375 0.034375 0.0859375
10 0.6123216484375 1 0.62148621875 0.9888784734375001 0.6236294250000001 0.9722764906249999 0.6222151531250001 0.947675109375 0.626368359375 0.90334860625 0.6101414609375 0.8884213500000001 0.605418765625 0.891499146875 0.59933865 0.90147821875 0.5960936390625 0.934718553125 0.5886887265625 0.9826374625 0.5915476625 1 0.6123216484375 1
10 0.71328125 0.615625 0.034375 0.0859375
10 0.409375 0.528125 0.0203125 0.04375
10 0.89765625 0.94609375 0.0484375 0.06875