10 0.041077034375 0.34304060625 0.031319973437499996 0.353817765625 0.027809104687500003 0.3648130484375 0.02192313125 0.443822428125 0.0339308015625 0.4581390984375 0.05110783125 0.4587389328125 0.0633526296875 0.44387944218750003 0.0654958359375 0.42727745781250004 0.058119109375 0.3922764703125 0.0572309328125 0.350553390625 0.052007871875 0.34342232031250003 0.041077034375 0.34304060625
10 0.00390625 0.10859375 0.0078125 0.0359375
10 0.536764971875 0.349474321875 0.5351497234375 0.3285718828125 0.52924283125 0.3186374625 0.5222643359375 0.3170040328125 0.5149950109375 0.323698859375 0.51265791875 0.3458530140625 0.5177840375 0.3557601703125 0.5277886859375001 0.360278746875 0.536764971875 0.349474321875
10 0.449953934375 0.0802312609375 0.447218609375 0.0690178578125 0.435017053125 0.0602533578125 0.42877086093749994 0.0600352359375 0.4204784046875 0.0736430109375 0.41994521718750005 0.0889114828125 0.42672982656249997 0.0960970828125 0.44405227187499996 0.0925327890625 0.449953934375 0.0802312609375
10 0.14296875 0.90234375 0.028125 0.0796875
10 0.2296875 0.70234375 0.025 0.0578125
10 0.3796875 0.6738437890625 0.36455184375 0.6622645671875 0.35474631093750003 0.6744297687499999 0.35191927500000003 0.6882284015625 0.36251081093750004 0.6983264140625 0.3751486109375 0.6945985296874999 0.37939178125 0.68501855625 0.3796875 0.67655030625 0.3796875 0.6738437890625
10 0.3578125 0.85 0.0203125 0.06875
10 0.559375 0.81484375 0.009375 0.0203125
10 0.471875 0.8546875 0.0140625 0.040625
10 0.4609375 0.990625 0.015625 0.01875
10 0.4203125 0.73046875 0.0109375 0.025