10 0.715625 0.4296875 0.0484375 0.084375
10 0.620897653125 0.2376011015625 0.6354973218750001 0.23137965624999998 0.6366676359375 0.22255693437500002 0.627294675 0.18195818125000002 0.6217503125 0.1718348203125 0.6137859078125001 0.1651210140625 0.60693486875 0.1667027015625 0.6017823515625 0.17216852031250002 0.6003393125 0.186755896875 0.6086386140625001 0.2261771 0.620897653125 0.2376011015625
10 0.4818594515625 0.062539215625 0.47282138749999997 0.054647859374999996 0.470344396875 0.0751756328125 0.4753433078125 0.0968283 0.48178526093750007 0.10389359218750001 0.4868014140625 0.1013101 0.48810809062500005 0.08960504999999999 0.4818594515625 0.062539215625
10 0.47974105624999996 0.29299642656249997 0.4740206234375 0.2786374484375 0.4671298765625 0.2731011890625 0.45969368125 0.2790942375 0.45534209687500005 0.29150225937499996 0.4566315328125 0.3040333703125 0.465709303125 0.319042671875 0.4754291796875 0.31252239375 0.47974105624999996 0.29299642656249997
10 0.41207371718749997 0.423602734375 0.41349951406249996 0.43325152187500005 0.41841901249999996 0.4406683 0.43091107031250003 0.43920970312499996 0.43508658437500003 0.42256606406249997 0.4246624296875 0.41214386718749996 0.41207371718749997 0.423602734375
10 0.5831034468749999 0.5390625 0.5803060328124999 0.5306314671875 0.5640250828125 0.5087326171875 0.5612926093749999 0.51078888125 0.560673959375 0.5390625 0.5831034468749999 0.5390625
10 0.9040975781250001 0.4131156265625 0.8997235296875001 0.39416954375 0.890645759375 0.3791602421875 0.88289713125 0.38380000000000003 0.881005296875 0.3999164109375 0.88489084375 0.41327358593749997 0.8931676812500001 0.4213406828125 0.9014048109375 0.4222898375 0.9040975781250001 0.4131156265625
10 0.06328125 0.92734375 0.0421875 0.0828125
10 0.0953125 0.71171875 0.0359375 0.059375
10 0.04765625 0.571875 0.03125 0.0515625
10 0.23404019062499998 0.666489309375 0.23565929843750003 0.6561375515625001 0.2331598421875 0.6453112187500001 0.2154358546875 0.63799974375 0.2091130234375 0.6522882859375 0.2099536640625 0.6663484328125 0.2227978609375 0.6733610734375001 0.23404019062499998 0.666489309375
10 0.739509934375 0.8067868 0.72676239375 0.7897738875 0.7170028109375 0.7891762218749999 0.7141339734375001 0.7941148109375 0.7148779578125 0.8181752296875 0.70474899375 0.8333424859375 0.7022322953125 0.8467523124999999 0.715899890625 0.8920612625000001 0.7270852718749999 0.9023077140625 0.7397533984375 0.9050847359375 0.759505584375 0.8933974734374999 0.7715660890625 0.86923175 0.751712025 0.8353290171874999 0.739509934375 0.8067868