10 0.1800719609375 0.174011203125 0.17178572187500002 0.1566308171875 0.16271770937500002 0.1504435984375 0.12358973124999999 0.1804644609375 0.12032877812500001 0.18829083124999998 0.11185243593750001 0.2319264875 0.1159268984375 0.254091303125 0.1243152578125 0.26723364374999997 0.1450501796875 0.26738123593749996 0.1755503640625 0.255405321875 0.181868028125 0.2482286796875 0.1804769859375 0.22095457187499998 0.1834667703125 0.20313114062499998 0.1800719609375 0.174011203125
10 0.62739766875 0.3402221453125 0.6294366296875 0.3193567765625 0.6253445703125 0.308547559375 0.6187557359375 0.30572714375 0.6104343046875 0.31105795625 0.6042856890625 0.33246970625 0.6076135703125 0.3431164921875 0.6166815828125001 0.3493037109375 0.62739766875 0.3402221453125
10 0.559375 0.06314569375 0.5628255203125 0.0683874640625 0.58050373125 0.06788533125 0.588451871875 0.056795503125 0.587705290625 0.045277471875 0.57721104375 0.034527346874999996 0.5710976203125 0.0332278984375 0.5605681796875001 0.045188971875 0.559375 0.050802440625 0.559375 0.06314569375
10 0.38052266874999996 0.8527221453125 0.38256162968749996 0.8318567765625 0.3784695703125 0.8210475593750001 0.3718807359375 0.8182271437499999 0.3635593046875 0.82355795625 0.3574106890625 0.84496970625 0.3607385703125 0.8556164921875 0.3698065828125 0.8618037109374999 0.38052266874999996 0.8527221453125
10 0.1865202171875 0.752164653125 0.1887282265625 0.7455343921875001 0.184840409375 0.7262490828124999 0.172138153125 0.7221292171875 0.1686905546875 0.727076078125 0.1628307046875 0.747129290625 0.1652077625 0.7547341390625 0.1748533078125 0.7582042796875 0.1865202171875 0.752164653125
10 0.22313540625 0.5961836328125 0.22573430156250002 0.5839567875 0.2226951875 0.5719514640625001 0.2173459421875 0.5708144468749999 0.2076828 0.5786999046875 0.20421760625 0.595002365625 0.209362609375 0.6046154734375 0.21652897499999998 0.6047188140624999 0.22313540625 0.5961836328125
10 0.056957851562499995 0.7421376375 0.06339523281250001 0.719367346875 0.0589298828125 0.702799115625 0.0469918046875 0.69884168125 0.03856825 0.7084105390625 0.031180045312499998 0.728138890625 0.033641628125 0.7428612921875001 0.0480588875 0.7501855265625 0.056957851562499995 0.7421376375
10 0.34157687187499997 0.569295503125 0.340830290625 0.5577774718749999 0.33033604375 0.547027346875 0.3242226203125 0.5457278984375 0.3136931796875 0.557688971875 0.31051675156249997 0.5726328921875 0.31595052031250004 0.5808874640624999 0.33362873125000003 0.58038533125 0.34157687187499997 0.569295503125
10 0.100985375 0.8723467312500001 0.09685812187500001 0.8842487140624999 0.0986576484375 0.8945706375 0.10477107031249999 0.8958700859375 0.118357221875 0.8845587359374999 0.1102576296875 0.8700578578125 0.100985375 0.8723467312500001
10 0.58203125 0.86640625 0.0453125 0.1015625
10 0.63828125 0.590625 0.0375 0.0921875