10 0.39765625 0.3890625 0.0484375 0.08125
10 0.11328125 0.25546875 0.028125 0.046875
10 0.45703125 0.09609375 0.0375 0.0921875
10 0.30546875 0.0796875 0.0359375 0.0953125
10 0.359375 0.1375 0.0390625 0.084375
10 0.630524609375 0.19423383125 0.6477924234375 0.1548333859375 0.6533189765625 0.123823296875 0.6409699671875 0.119305209375 0.6205233703124999 0.1736490734375 0.615903109375 0.1953856890625 0.6187555796875001 0.20451150468749998 0.624393590625 0.2042899828125 0.630524609375 0.19423383125
10 0.7378610453125 0.1493661609375 0.7394880374999999 0.141192484375 0.7581509203125 0.086469478125 0.7345277890624999 0.0823948375 0.71943276875 0.1340897703125 0.71185791875 0.1509386140625 0.7146082671875 0.164302475 0.7276498124999999 0.1623414828125 0.7378610453125 0.1493661609375
10 0.6810464765625001 0.4296875 0.70979085 0.3791059609375 0.6938681515624999 0.33880363281250003 0.6578321500000001 0.410659321875 0.6549519046875 0.4261395046875 0.653721565625 0.4296875 0.6810464765625001 0.4296875
10 0.5890625 0.10433667656250001 0.5920151109375 0.10416647500000001 0.5964904578125 0.047374428125 0.59258504375 0.03944471875 0.5890625 0.0400377984375 0.5890625 0.10433667656250001
10 0.44609375 0.71171875 0.0234375 0.0390625
10 0.4859375 0.9859375 0.03125 0.028125
10 0.28671875 0.8328125 0.021875 0.0375
10 0.21484375 0.54296875 0.028125 0.0375
10 0.025 0.8734375 0.0359375 0.0484375
10 0.01796875 0.540625 0.0171875 0.021875