10 0.25625 0.08984375 0.034375 0.08125
10 0.34453125 0.41796875 0.0234375 0.0703125
10 0.18671875 0.2578125 0.025 0.04375
10 0.5209626968750001 0.3034118296875 0.5199034265625 0.27838545625 0.513158028125 0.26652557187500003 0.504466178125 0.26604258281250004 0.4992155859375 0.2833529140625 0.5003259359375 0.301391221875 0.5069261546874999 0.311869825 0.5148410359375 0.3124344765625 0.5209626968750001 0.3034118296875
10 0.5736729203125 0.10235626406250001 0.5709494968750001 0.11381482031250001 0.5771141796875 0.12014958281250002 0.5838165546875 0.11665205468749999 0.582851384375 0.099995028125 0.576345265625 0.0978857703125 0.5736729203125 0.10235626406250001
10 0.6508216250000001 0.4028827875 0.6617502859375 0.39475144375000004 0.6655410359375 0.3859737828125 0.6671541109375 0.3564769171875 0.6623981890625 0.3485975484375 0.6521523984375 0.34827788437499996 0.6355376109375 0.36957572031249997 0.638441178125 0.3972013296875 0.6421297734375 0.40239979843749996 0.6508216250000001 0.4028827875
10 0.8667871250000001 0.4695624125 0.8645153484375001 0.4404738609375 0.8606815749999999 0.43389411093749997 0.8510675750000001 0.43211150312499996 0.8373213906250001 0.44333206093750005 0.838722096875 0.46413293125 0.845903028125 0.4801366546875 0.8601788499999999 0.481429284375 0.8667871250000001 0.4695624125
10 0.8828748484375 0.15923634375 0.880500915625 0.1441239234375 0.8749680234374999 0.1363262171875 0.8623913203125 0.1362515421875 0.8571918078125 0.146573809375 0.85772144375 0.15908699531249998 0.862477365625 0.16696636250000002 0.8761213953125001 0.1697219359375 0.8828748484375 0.15923634375
10 0.516612071875 0.8042154984375 0.515313521875 0.7694385 0.50254861875 0.7526251328125 0.48827279843750004 0.75133250625 0.48414061249999996 0.76433566875 0.4827668171875 0.803583159375 0.49786262968750006 0.8201515374999999 0.516612071875 0.8042154984375
10 0.6850336390624999 1 0.6832155656250001 0.9905995000000001 0.6733622875 0.9790662671874999 0.6597182578125 0.9763106953125 0.650488715625 0.9856599953125 0.6482519046874999 0.9942743281249999 0.6479387890625 1 0.6850336390624999 1
10 0.7050487953125 0.6964280265625 0.7044761375 0.668557428125 0.70127415625 0.6605147359375 0.6839415328125 0.6525606921875 0.6745668125 0.6605287109375 0.6716982093749999 0.6706059890625 0.6801857484375 0.6990412375 0.7050487953125 0.6964280265625