10 0.15 0.40703125 0.0296875 0.078125
10 0.06875 0.43515625 0.0375 0.0671875
10 0.02734375 0.3828125 0.028125 0.05625
10 0.04296875 0.31171875 0.0234375 0.0453125
10 0.2734375 0.04453125 0.0265625 0.0515625
10 0.5265625 0.11953125 0.046875 0.0640625
10 0.67890625 0.20234375 0.0296875 0.05625
10 0.018848407812500002 0.766915721875 0.0326165375 0.7261602187499999 0.0354193546875 0.6947864609375 0.02272355625 0.691361853125 0.0070911453125 0.7472809625 0.0043829375 0.7693375437500001 0.0080199203125 0.7781800249999999 0.0136171703125 0.7774679609375 0.018848407812500002 0.766915721875
10 0.11678095937499999 0.7243668781249999 0.1176893796875 0.716082503125 0.13151181875 0.6599411578125001 0.1160755328125 0.6104689671875 0.0970913859375 0.71075475 0.0910138328125 0.7281996703125 0.094918453125 0.7412729703125001 0.107739459375 0.7381827921874999 0.11678095937499999 0.7243668781249999
10 0.0671875 0.98203125 0.040625 0.0359375
10 0.565625 0.71015625 0.034375 0.0421875
10 0.42890625 0.88515625 0.034375 0.0484375
10 0.82578125 0.56640625 0.0296875 0.053125
10 0.86796875 0.9234375 0.0421875 0.040625