10 0.475 0.578125 0.04375 0.04375
10 0.2731793890625 0.1501683828125 0.2606242296875 0.12950085 0.2517093640625 0.17540069062500002 0.2528723859375 0.197592459375 0.2579895953125 0.20566904687499998 0.2633781609375 0.20399584843750002 0.266697546875 0.192695528125 0.2731793890625 0.1501683828125
10 0.23833653593749998 10 0.232281428125 0.013695859375 0.22932548593750002 0.0319311078125 0.23544094062499998 0.044127765624999996 0.24743438593749997 0.0490623953125 0.2547273578125 0.038944621875 0.25349164687500003 0.015365868750000001 0.24452091562499997 10 0.23833653593749998 0
10 0.2115306984375 0.40884192343750003 0.208510903125 0.3788662921875 0.1879615015625 0.3549089328125 0.1865374109375 0.387435446875 0.1877618734375 0.40313361875 0.18685571406249998 0.4156982625 0.19318923593749998 0.4320558765625 0.2038936796875 0.4273224953125 0.2115306984375 0.40884192343750003
10 0.11089420312500001 0.548559565625 0.1106228453125 0.5583093515625001 0.11417969531250001 0.566467715625 0.126735253125 0.5672005015625 0.1337374703125 0.5515347859374999 0.1252814765625 0.5394607921875 0.11089420312500001 0.548559565625
10 0.7179270890625 0.3582438375 0.7309720703125 0.35338779374999996 0.7347808812500001 0.33649864375 0.7300610093750001 0.3061485140625 0.719826590625 0.2899953375 0.7159983828125001 0.291586759375 0.7127516859374999 0.304274065625 0.7066217359375 0.3365836078125 0.7081288031249999 0.350412575 0.7179270890625 0.3582438375
10 0.839517371875 0.5884612296875 0.8391345296875 0.566228575 0.8318754515625001 0.5471378796875 0.8183216468750001 0.5422850234375 0.8116101859375 0.56349868125 0.811067471875 0.5829982515625 0.8155498781249999 0.5938896984375 0.8235697390624999 0.59764178125 0.839517371875 0.5884612296875
10 0.24454965468749998 0.64798316875 0.24694348437500002 0.6339497640625 0.2445835484375 0.6187746984375 0.2317372359375 0.6124939687500001 0.22529713125 0.6239578421875 0.22453635 0.63929645625 0.232284853125 0.6527983234375 0.238671665625 0.6552451953125 0.24454965468749998 0.64798316875
10 0.11016628906249999 0.6 0.10509257031250001 0.6175858078124999 0.10326085468749999 0.62741736875 0.105693478125 0.6439794187500001 0.11605387656249999 0.6476088390625 0.12200455624999999 0.641733796875 0.12225651562499999 0.616686284375 0.1147304015625 0.6 0.11016628906249999 0.6
10 0.44820903437500004 0.6760975578125 0.44782619375 0.653864903125 0.44056711562500006 0.6347742046875 0.4270133109375 0.62992135 0.42030185 0.65113500625 0.4197591359375 0.6706345796875001 0.4242415421875 0.6815260249999999 0.4322614015625 0.68527810625 0.44820903437500004 0.6760975578125
10 0.53941195625 0.78428126875 0.5359616875000001 0.748301421875 0.524583646875 0.72525420625 0.513118421875 0.7453262015625001 0.51023516875 0.764948434375 0.5111074343750001 0.7815922609375 0.521196475 0.794971465625 0.530704003125 0.7972547875 0.53941195625 0.78428126875
10 0.20960118906249997 0.7457795890625001 0.19953154687500002 0.7476981125 0.1967015859375 0.7534096031249999 0.1982813421875 0.76862555625 0.21239725781250002 0.7692765671874999 0.2167875796875 0.7634833000000001 0.21613337968750002 0.7510004312499999 0.20960118906249997 0.7457795890625001
10 0.761080878125 0.8493637671875 0.7485786109375 0.8347202375 0.7382182140625 0.8310908187500001 0.708193459375 0.8702158125 0.707069234375 0.8786194999999999 0.71017545625 0.922962146875 0.7198477609375 0.9433171687499999 0.7313517828125 0.9538406281249999 0.751418378125 0.9486165968750001 0.7777797 0.9291547234374999 0.7820246421875 0.9205874859375001 0.773621940625 0.89460275 0.77189680625 0.8766128265625 0.761080878125 0.8493637671875