10 0.309375 0.4796875 0.309375 0.45204118906249996 0.2973521765625 0.43026309375 0.2843041609375 0.39062279218749996 0.2772243984375 0.3853303890625 0.2666595859375 0.3881612234375 0.2604797984375 0.4013201609375 0.26033704687500003 0.41286147968750003 0.28355529375 0.4796875 0.309375 0.4796875
10 0.290625 0.08046875 0.0375 0.0890625
10 0.09921875 0.2296875 0.0421875 0.078125
10 0.47109375 0.1875 0.040625 0.065625
10 0.28359375 0.7609375 0.0328125 0.0375
10 0.0328125 0.93828125 0.034375 0.0375
10 0.5796875 0.67265625 0.0359375 0.0453125
10 0.815625 0.9703125 0.040625 0.059375
10 0.60546875 0.8484375 0.03125 0.04375
10 0.8703125 0.7765625 0.021875 0.03125
10 0.44921875 0.5734375 0.03125 0.034375