10 0.1736623609375 0.5712699234375 0.1902399125 0.5315741140625 0.1952244234375 0.5004722968750001 0.18279844375 0.4961704171875 0.163303390625 0.5508628468750001 0.15906319062500002 0.5726767859375 0.16207449375 0.581751428125 0.1677077796875 0.58143154375 0.1736623609375 0.5712699234375
10 0.2801994 0.5245358062500001 0.2816834953125 0.5163349796875 0.2993884875 0.461294596875 0.275697840625 0.45763285781250007 0.26150732187500003 0.5095833609375 0.254227678125 0.5265618375 0.2572108390625 0.5398756640625 0.27021617343750004 0.5376873640625 0.2801994 0.5245358062500001
10 0.2238150734375 0.814002903125 0.25614299375 0.7547305093750001 0.239519346875 0.7147122078125 0.2047428890625 0.78718586875 0.20213324843749997 0.8027139609375 0.19821434375 0.8146861624999999 0.2004024671875 0.8320901031249999 0.21193405156249998 0.8300869625 0.2238150734375 0.814002903125
10 0.03288040625 0.7099177734375 0.0432557765625 0.68929639375 0.0463116203125 0.653103396875 0.03973085 0.641920034375 0.025396692187499997 0.641963525 0.022300965625 0.6456064296875 0.014531179687500001 0.6978617406250001 0.018309378125 0.707085453125 0.03288040625 0.7099177734375
10 0.10254970625 0.5098125859375 0.09989958125000001 0.523446296875 0.10648035156249999 0.5346296578125 0.1154743765625 0.529303496875 0.1214289578125 0.5191418765625 0.11694014531250001 0.5012907296875 0.10254970625 0.5098125859375
10 0.125595040625 0.4185516390625 0.12085295625 0.43885313750000005 0.11958963125 0.48294061250000003 0.1335868359375 0.48188836874999996 0.1370703421875 0.425026865625 0.13302713125 0.41716652187500003 0.125595040625 0.4185516390625
10 0.96953125 0.85390625 0.034375 0.0515625
10 0.81640625 0.92421875 0.021875 0.0375
10 0.7765625 0.61796875 0.0265625 0.0375
10 0.5859375 0.89609375 0.034375 0.0484375
10 0.71484375 0.359375 0.0234375 0.01875
10 0.9109375 0.3578125 0.025 0.015625
10 0.60546875 0.58125 0.0296875 0.0390625