10 0.47251285625 0.132353934375 0.4635313390625 0.143785459375 0.4607960140625 0.1549988625 0.46043579531249995 0.23422636406250003 0.4734128953125 0.2476705484375 0.490589925 0.2470707140625 0.5017683500000001 0.2313932640625 0.502748240625 0.21468221875000001 0.4929479375 0.1802810671875 0.48915146875 0.138721578125 0.48344369218749994 0.1319722203125 0.47251285625 0.132353934375
10 0.1953125 0.01015625 0.028125 0.0203125
10 0.2625 0.3375 0.01875 0.06875
10 0.11171875 0.1359375 0.021875 0.0421875
10 0.409375 0.7984375 0.0203125 0.034375
10 0.1921875 0.7578125 0.015625 0.0453125
10 0.159375 0.90859375 0.015625 0.021875
10 0.0640625 0.76953125 0.0171875 0.025
10 0.00625 0.51875 0.0125 0.01875
10 0.296875 0.5453125 0.021875 0.034375
10 0.19453125 0.59375 0.0140625 0.05
10 0.930167484375 0.70190134375 0.9275291046875 0.7158908328125 0.9325045781250001 0.7240554984375001 0.9379699968749999 0.723864640625 0.9461707390624999 0.71246038125 0.9426598703125 0.7014651 0.930167484375 0.70190134375
10 0.8768391234375 0.8760908093750001 0.8647345109375 0.8876313984374999 0.8620476578125 0.9002328437500001 0.8618485421875001 0.916916621875 0.8676047890625 0.9250540234375 0.8786325703125 0.9274483937500001 0.885174821875 0.9133225796875 0.8768391234375 0.8760908093750001