10 0.02109375 0.34375 0.015625 0.0359375
10 0.17578125 0.296875 0.015625 0.040625
10 0.346875 0.19453125 0.025 0.0734375
10 0.14296875 0.01171875 0.0234375 0.0234375
10 0.06484375 0.1296875 0.01875 0.0328125
10 0.9208518437500001 0.0975687046875 0.9311201546875001 0.1106239984375 0.9451633812499999 0.1113599734375 0.9560326015625 0.0980216546875 0.96118860625 0.0593496125 0.9499947375 0.0490274015625 0.939343584375 0.05820476249999999 0.9256250062500001 0.08112931718750001 0.9208518437500001 0.0975687046875
10 0.203125 0.8921875 0.025 0.0609375
10 0.3421875 0.56015625 0.021875 0.078125
10 0.171875 0.61015625 0.0203125 0.0515625
10 0.23828125 0.428125 0.0203125 0.01875
10 0.09296875 0.72890625 0.0171875 0.028125
10 0.04296875 0.95390625 0.0125 0.034375
10 0.8671875 0.525 0.0875 0.2125