10 0.32890625 0.51796875 0.0515625 0.09375
10 0.33828125 0.28984375 0.0421875 0.0796875
10 0.1609375 0.3 0.0515625 0.08125
10 0.2625 0.11015625 0.0296875 0.0640625
10 0.03203125 0.02890625 0.025 0.034375
10 0.140625 0.58359375 0.0453125 0.0703125
10 0.06015625 0.4046875 0.0296875 0.040625
10 0.496875 0.57578125 0.03125 0.0546875
10 0.384375 0.12109375 0.021875 0.04375
10 0.8815428187500001 0.31097953125 0.8686589140625 0.325110115625 0.8619614796875 0.350646915625 0.862836603125 0.3850590921875 0.8529354343750001 0.4383646984375 0.8746588671875 0.4519324828125 0.8879121515625 0.45356682187499997 0.9103795703124999 0.4430741875 0.91824731875 0.42636011093750004 0.926722690625 0.3827032875 0.9342780078124999 0.3673425015625 0.94160030625 0.33909911875 0.9314713421875 0.32393186093750004 0.8815428187500001 0.31097953125
10 0.7531250703125 0.634519946875 0.748108915625 0.631936453125 0.7320040375 0.649599684375 0.72977730625 0.666190671875 0.7399459765625 0.6742399828125001 0.751892584375 0.6641692734375 0.757476653125 0.6469279671875 0.7531250703125 0.634519946875