10 0.194464325 0.25820161875 0.1792943171875 0.2535403375 0.1697765328125 0.2733614875 0.1749209671875 0.30197952968749997 0.1946176734375 0.28900546875 0.2005259625 0.2729390859375 0.194464325 0.25820161875
10 0.2516867484375 0.5870710640625 0.2563667953125 0.600239575 0.2665457171875 0.6070866671874999 0.2765278890625 0.6027150453125001 0.28408540625 0.5924484390625 0.2891907828125 0.563689596875 0.2831291453125 0.54895213125 0.26984851718749997 0.541724196875 0.2591184046875 0.5585978546875 0.2516867484375 0.5870710640625
10 0.466456796875 0.52388508125 0.477918934375 0.526691775 0.486153503125 0.5109110234375 0.4893695 0.4847188328125 0.48492960468749996 0.46318389375 0.4738059921875 0.457620128125 0.46729154062499995 0.47221276406249996 0.4619460125 0.509338034375 0.466456796875 0.52388508125
10 10 0.12241452187499999 0.00285581875 0.119930878125 0.0057607765625 0.1090930078125 0.00132088125 0.08755806875 10 0.08676557968750001 10 0.12241452187499999
10 0.7593352703125 0.66875 0.7668511015625 0.66392860625 0.79234180625 0.66146119375 0.8058351 0.64772545 0.8244453406249999 0.6500104999999999 0.8332860734375 0.6357034968749999 0.8374626734374999 0.5760455921875 0.8333613046874999 0.5517535796875 0.8234500203125 0.5491373078125 0.81710483125 0.5623514093749999 0.799128240625 0.574137353125 0.7882722671875 0.5728044078125001 0.78274590625 0.5665285796874999 0.7707759796875 0.5678574953125 0.7624430359375001 0.57802889375 0.7571409109375 0.5955690234375 0.7458870937500001 0.6487606765625 0.7528503953125 0.66875 0.7593352703125 0.66875
10 0.7893095625 0.179723075 0.7870107703125 0.1920346921875 0.7902383375 0.2106221375 0.78903758125 0.2524542796875 0.7936192531249999 0.260013434375 0.8113556921875 0.25659391875000004 0.81753161875 0.24475835468749998 0.8237668625 0.1811552625 0.8333005625000001 0.1291517234375 0.828085240625 0.107521575 0.8251527968750001 0.10576219687499999 0.8187092328125001 0.11336694218750001 0.7893095625 0.179723075
10 0.26171875 0.71953125 0.0609375 0.1015625
10 0.0407867046875 0.82153681875 0.041747309375 0.7880711046875 0.03393806875 0.76192450625 0.030667100000000003 0.7629222 0.014563973437499999 0.80432388125 0.0108127015625 0.82205443125 0.01983426875 0.8511485249999999 0.0342722515625 0.8361294546875 0.0407867046875 0.82153681875
10 0.7078125 0.9453125 0.0359375 0.08125
10 0.81171875 0.753125 0.0296875 0.059375
10 0.9573519671875002 0.7581476046875 0.9624139421875 0.748973903125 0.9637680453125 0.7379456125 0.9496136156249999 0.7250131140625 0.938785128125 0.7362774156249999 0.9347662187499999 0.7497771484375 0.9444373515625 0.760759846875 0.9573519671875002 0.7581476046875