10 0.1501130484375 0.2886754109375 0.1119041578125 0.2805538609375 0.092120059375 0.28344820937500004 0.088094928125 0.29111214531249996 0.08790482499999999 0.352128190625 0.076065409375 0.4078282625 0.07708316093749999 0.42934335468749996 0.10026206875000002 0.455568946875 0.1143060359375 0.45713416562500003 0.1270258890625 0.44989843125 0.14226011249999998 0.4233182984375 0.151380915625 0.3954387171875 0.1629315640625 0.34109718437500003 0.16403729843749998 0.30583427812499997 0.1501130484375 0.2886754109375
10 0.7536964656249999 0.46875 0.7571936421875 0.458665 0.7562956078124999 0.42155626249999995 0.7489601921875 0.40721781406249996 0.7351873953125 0.41564965625 0.7309580234374999 0.431789684375 0.7286127 0.465369190625 0.7298435734375 0.46875 0.7536964656249999 0.46875
10 0.9182026421874999 0.3963341296875 0.9328241406250001 0.3951822734375 0.940008103125 0.3839300140625 0.9421315890624999 0.3701822 0.9385149406250001 0.3608939515625 0.9281052187500001 0.3572613796875 0.9184420765624999 0.3651468390625 0.9108672265625 0.38199568125 0.9182026421874999 0.3963341296875
10 0.9421806125 0.09188879062500001 0.9331126 0.0857015734375 0.9190510359375 0.095491953125 0.9174029640625001 0.1107607375 0.9304785109375 0.1206396171875 0.942909596875 0.114762421875 0.9421806125 0.09188879062500001
10 0.6576742546875 0.2429828046875 0.655297196875 0.2353779578125 0.6390452203125 0.2404429984375 0.6362420828124999 0.2611459359375 0.6478913953125 0.266461909375 0.6536315265625 0.262002340625 0.6576742546875 0.2429828046875
10 0.36171875 0.8046875 0.025 0.0375
10 0.315625 0.54765625 0.0140625 0.021875
10 0.2265625 0.571875 0.021875 0.0421875
10 0.1921875 0.7234375 0.0234375 0.046875
10 0.1328125 0.846875 0.0203125 0.025
10 0.24453125 0.8890625 0.015625 0.0265625
10 0.08125 0.68515625 0.021875 0.0375
10 0.471875 0.7703125 0.015625 0.021875