10 0.4625 0.4546875 0.075 0.06875
10 0.3823820875 0.035581978125000004 0.37601003906249997 0.012254396875 0.354788809375 0.0539188875 0.349789896875 0.07557155625 0.3524826640625 0.08474576406249999 0.3581236828125 0.08462267343749999 0.364429271875 0.07467505468749999 0.3823820875 0.035581978125000004
10 0.25350356406249996 0.23912215468750003 0.2588631546875 0.2094753625 0.2457133453125 0.1807818859375 0.2353789 0.2116558453125 0.2322289265625 0.22708340625 0.227894584375 0.2389115453125 0.22947398593749999 0.2563812484375 0.2410684546875 0.254781775 0.25350356406249996 0.23912215468750003
10 0.112165421875 0.3442825015625 0.10921717187499999 0.3535798015625 0.1103874859375 0.3624025234375 0.12225467968749999 0.366567703125 0.1333036984375 0.3534389234375 0.1285033203125 0.3395018671875 0.112165421875 0.3442825015625
10 0.5186936328125 0.057074020312499994 0.5233801125 0.03677464375 0.5206303953125 0.01048221875 0.50563888125 0.019849956250000002 0.492578909375 0.038216159374999996 0.48820486093750004 0.057162245312500005 0.493630103125 0.0683927171875 0.505497296875 0.072557896875 0.5186936328125 0.057074020312499994
10 0.4639438375 0.2525457 0.47343069531250004 0.24618338125 0.481690290625 0.21388012031249998 0.48063909687499995 0.1837035640625 0.477281759375 0.184353884375 0.4658806015625 0.2059539 0.45161060781250006 0.22261532499999998 0.44758869843750004 0.23309017187499997 0.44934417031249996 0.24632425625 0.4639438375 0.2525457
10 0.56640625 0.07890625 0.028125 0.0609375
10 0.296371675 1 0.2973677828125 0.9969978640625001 0.296805090625 0.9612323968750001 0.3038943703125 0.9201064171875 0.3001279453125 0.9121097562500001 0.289470771875 0.9096493531250001 0.277836596875 0.9183667718749999 0.272292234375 0.9284901328124999 0.2527823234375 1 0.296371675 1
10 0.0609375 0.67578125 0.0421875 0.0828125
10 0.18515625 0.51484375 0.0359375 0.0515625
10 0.32994424375000003 0.5317536453125 0.33593740156249996 0.52315931875 0.3384368578125 0.512332984375 0.32571178125 0.497991790625 0.3137651734375 0.5080625000000001 0.3083571734375 0.5210681890625 0.316827321875 0.5330016328125 0.32994424375000003 0.5317536453125
10 0.28359375 0.68046875 0.0328125 0.0703125
10 0.810912115625 1 0.8108675906249999 0.9971698968750001 0.8179568703125 0.9560439171875 0.8141904453125001 0.9480472562500001 0.803533271875 0.9455868531250001 0.791899096875 0.954304271875 0.7863547343749999 0.9644276328124999 0.7766495890625 1 0.810912115625 1
10 0.5765625 0.72734375 0.0421875 0.0828125
10 0.69921875 0.54765625 0.0359375 0.059375
10 0.84400674375 0.5676911453125 0.8499999015625 0.55909681875 0.8524993578125001 0.5482704843749999 0.8397742812500001 0.5339292906249999 0.8278276734375 0.5439999999999999 0.8224196734374999 0.5570056890624999 0.830889821875 0.5689391328125 0.84400674375 0.5676911453125