10 0.46015625 0.18515625 0.0328125 0.0875
10 0.24765625 0.0234375 0.0359375 0.046875
10 0.29140625 0.29140625 0.03125 0.065625
10 0.17265625 0.13515625 0.021875 0.0359375
10 0.13828125 0.34453125 0.015625 0.04375
10 0.57109375 0.4467013890625 0.57890625 0.44947916718750003 0.59453125 0.4314236109375 0.59609375 0.40920138906250003 0.58828125 0.38975694375000003 0.575 0.3842013890625 0.56796875 0.405034721875 0.56640625 0.4328125 0.57109375 0.4467013890625
10 0.7625 0.3244791671875 0.7671875 0.32725694375000003 0.77421875 0.3203125 0.775 0.298090278125 0.771875 0.2814236109375 0.765625 0.27309027812500003 0.76015625 0.28420138906250003 0.7578125 0.310590278125 0.7625 0.3244791671875
10 0.0484375 0.835590278125 0.0609375 0.8369791671875 0.065625 0.8286458328125 0.06640625 0.7994791671874999 0.0578125 0.7828125 0.04609375 0.77586805625 0.040625 0.7897569437499999 0.040625 0.8217013890625001 0.0484375 0.835590278125
10 0.196875 0.62725694375 0.2015625 0.6286458328125 0.21171875 0.6217013890625 0.21796875 0.6008680562500001 0.21171875 0.5869791671875 0.19765625 0.5800347218749999 0.1921875 0.5911458328125 0.19140625 0.6119791671875 0.196875 0.62725694375
10 0.3609375 0.5397569437499999 0.3765625 0.542534721875 0.38046875 0.535590278125 0.3796875 0.5036458328125 0.375 0.4939236109375 0.36484375 0.49253472187499997 0.3578125 0.5078125 0.35625 0.530034721875 0.3609375 0.5397569437499999
10 0.309375 0.7869791671874999 0.30546875 0.805034721875 0.30546875 0.8189236109374999 0.309375 0.8300347218749999 0.31953125 0.8369791671875 0.328125 0.8369791671875 0.334375 0.8244791671874999 0.33125 0.7786458328125001 0.328125 0.7647569437499999 0.32421875 0.76336805625 0.309375 0.7869791671874999
10 0.7765625 0.4859375 0.025 0.071875
10 0.8359375 0.85703125 0.015625 0.06875
10 0.6921875 0.65 0.021875 0.040625
10 0.99296875 0.4609375 0.0140625 0.021875