10 0.08359375 0.2765625 0.034375 0.0578125
10 0.6282141859375 10 0.625809071875 0.011697571875 0.62464605 0.033889340625 0.62889099375 0.042456578125 0.6344249375000001 0.0413558046875 0.6389073453125 0.0304643578125 0.646880275 10 0.6282141859375 0
10 0.7223538765624999 0.2638551703125 0.7461180609375 0.20066043281249998 0.7240867234375 0.1633451515625 0.6997350906250001 0.2399534515625 0.699311940625 0.2556936171875 0.6970973828125 0.2680947109375 0.7016863718749999 0.28502475 0.7128269484375 0.2814362171875 0.7223538765624999 0.2638551703125
10 0.4021653890625 0.154355140625 0.4008763875 0.1640231515625 0.403560971875 0.172508615625 0.41597115156250003 0.17454979843750001 0.42457252187499994 0.15970183437500002 0.4179137296875 0.125046584375 0.4021653890625 0.154355140625
10 0.518791521875 0.187355959375 0.526195978125 0.1654912921875 0.524184990625 0.1292252328125 0.516111840625 0.11906657031250001 0.501923234375 0.1211045671875 0.49936463125 0.1251428625 0.49894299374999995 0.177970971875 0.503968115625 0.18657909687500002 0.518791521875 0.187355959375
10 0.29453125 0.784375 0.0296875 0.0609375
10 0.3640625 0.7796875 0.0203125 0.04375
10 0.2734375 0.4953125 0.14375 0.090625
10 0.6607823453125 0.6257768578125 0.6716739765625 0.5841602171875 0.6722814421875001 0.5526673703125 0.659377684375 0.5501367187499999 0.647684071875 0.607010071875 0.6465210499999999 0.629201840625 0.65076599375 0.637769078125 0.6562999375 0.6366683046875 0.6607823453125 0.6257768578125
10 0.759778440625 0.564670465625 0.7601067578125 0.5563429015625 0.76997930625 0.499374109375 0.7460096 0.49904510625 0.73918729375 0.5524649687500001 0.7343414421875 0.5702913437499999 0.7391484984375 0.583060425 0.7517227125 0.5790834281249999 0.759778440625 0.564670465625
10 0.7442288765624999 0.8591676703125 0.7679930609375 0.7959729328125 0.7459617234375 0.7586576515625 0.721610090625 0.8352659515624999 0.721186940625 0.8510061171875 0.7189723828125001 0.8634072109375002 0.723561371875 0.88033725 0.7347019484375 0.8767487171875 0.7442288765624999 0.8591676703125
10 0.4240403890625 0.749667640625 0.42275138749999996 0.7593356515625 0.425435971875 0.7678211156250001 0.4378461515625 0.7698622984375 0.446447521875 0.755014334375 0.4397887296875 0.720359084375 0.4240403890625 0.749667640625
10 0.540666521875 0.7826684593750001 0.5480709781249999 0.7608037921874999 0.546059990625 0.7245377328125 0.537986840625 0.7143790703125 0.523798234375 0.7164170671875001 0.5212396312500001 0.7204553625 0.5208179937499999 0.773283471875 0.525843115625 0.781891596875 0.540666521875 0.7826684593750001
10 0.5818085453125 0.5748145875 0.58108165625 0.5886844421874999 0.5891548078125 0.598843103125 0.5973200453125 0.5923170484375 0.601802453125 0.581425603125 0.594872925 0.564372903125 0.5818085453125 0.5748145875
10 0.5919285343749999 0.48123449531249995 0.5900580234375 0.5019983921875 0.5949427828125 0.5458326328124999 0.6086573234375 0.54284259375 0.6041933375 0.486049653125 0.5990955265625 0.47882851249999997 0.5919285343749999 0.48123449531249995