10 0.50703125 0.31171875 0.0703125 0.14375
10 0.21171493125000002 0.1650228625 0.20455272343750003 0.13575922812500002 0.1808690875 0.11489494375 0.1839856734375 0.14730310625 0.18738298125 0.16267809375 0.1882343015625 0.17524657187499998 0.196782725 0.1905635390625 0.20672423593749997 0.1843864515625 0.21171493125000002 0.1650228625
10 0.12536868125 0.318579021875 0.12645687187500002 0.32827168906250004 0.13111453125 0.3358556359375 0.14364988437499998 0.33483389531249996 0.148403709375 0.3183461171875 0.138349634375 0.3075664734375 0.12536868125 0.318579021875
10 0.33421485781250004 0.496347246875 0.3247869734375 0.46422262031250006 0.3092802 0.44176891406249996 0.306477628125 0.44372856250000003 0.30395646875 0.488080040625 0.3058678375 0.506102003125 0.323438428125 0.5309843125 0.33252861718750004 0.512238746875 0.33421485781250004 0.496347246875
10 0.4094215359375 0.0916921125 0.41550042343750004 0.08202119062499999 0.40990701874999996 0.0491512140625 0.3966727953125 0.022011117187500002 0.393870221875 0.0239707671875 0.3922402640625 0.04834063125 0.3859807890625 0.0693657296875 0.3865670953125 0.0805708375 0.3935535859375 0.09194675937499999 0.4094215359375 0.0916921125
10 0.93984375 0.49296875 0.0515625 0.1015625
10 0.76640625 0.6171875 0.0484375 0.025
10 0.6703125 0.3265625 0.021875 0.065625
10 0.6828125 0.08671875 0.0296875 0.0734375
10 0.83515625 0.23203125 0.0265625 0.0703125
10 0.5600085203125 0.6296875 0.562430240625 0.6454408703125 0.5773507062500001 0.65668946875 0.5942224234375 0.6534099390625 0.6028107296874999 0.6361768140625 0.6021693953125 0.6296875 0.5600085203125 0.6296875
10 0.38359375 0.77890625 0.0296875 0.0703125