10 0.27055915 0.1335195671875 0.279933871875 0.1414875859375 0.29435487031249996 0.138813678125 0.2987182796875 0.1197207390625 0.2921530265625 0.0924964578125 0.2803022171875 0.08566473125 0.2772454140625 0.09232614375 0.275212915625 0.1116640703125 0.270311815625 0.12092471875 0.27055915 0.1335195671875
10 0.37999625625 0.362881996875 0.3746004875 0.3469529484375 0.3660027359375 0.339066590625 0.35678125 0.35206276718749996 0.3508639 0.370992378125 0.348635146875 0.38472351875 0.362236153125 0.3973253578125 0.3759742828125 0.3862004390625 0.37999625625 0.362881996875
10 0.01239249375 0.4597095953125 0.010744453125000001 0.46791561562500006 0.019051846875 0.47856453125 0.0246358171875 0.477754890625 0.0296820953125 0.4671129625 0.025208475 0.4498842953125 0.01239249375 0.4597095953125
10 0.8496804625 0.3155593046875 0.8391953921875 0.32562959375 0.834926084375 0.3363531859375 0.8235430328125 0.41475951875000006 0.8345227718749999 0.42987892812500006 0.8516161171875 0.4316755109375 0.8648676328124999 0.41770636874999995 0.8681637156249999 0.4012943296875 0.863246503125 0.36586402812499996 0.8652709453125 0.32418062812500004 0.8605580453125 0.3167025859375 0.8496804625 0.3155593046875
10 0.59765625 0.1265625 0.034375 0.08125
10 0.61328125 0.48671875 0.0234375 0.0640625
10 0.815625 0.0890625 0.0234375 0.06875
10 0.46288206093750006 1 0.46017339531249996 0.992640375 0.46791087343750004 0.9040751031250001 0.466254778125 0.8899356468749999 0.463146896875 0.8896089953124999 0.446642321875 0.904632765625 0.4346624453125 0.94387326875 0.42311004687500003 0.9566244562499999 0.406846353125 1 0.46288206093750006 1
10 0.82421875 0.7890625 0.0359375 0.0765625
10 0.7890625 0.56015625 0.0359375 0.0734375
10 0.60703125 0.6140625 0.0359375 0.0671875
10 0.65703125 0.91328125 0.0375 0.06875
10 0.99140625 0.7609375 0.0171875 0.05625