10 0.19568641874999998 0.4041106140625 0.187735403125 0.41628142968750004 0.18598779999999998 0.42769056250000004 0.1925340828125 0.506647975 0.20663353906249998 0.5189099703125 0.2236929265625 0.5168153421875 0.23346243437499997 0.5002232859375 0.23298213125 0.483490428125 0.2202208640625 0.450074334375 0.21281669375 0.4090038765625 0.20654239218749998 0.40277766875000004 0.19568641874999998 0.4041106140625
10 0.27578125 0.1015625 0.0359375 0.08125
10 0.4953125 0.390625 0.0390625 0.075
10 0.05 0.25234375 0.0265625 0.04375
10 0.8828125 0.35859375 0.0375 0.084375
10 0.815625 0.53828125 0.0375 0.053125
10 0.9359375 0.15234375 0.0296875 0.06875
10 0.90234375 0.01171875 0.0265625 0.0234375
10 0.8390625 0.05390625 0.0234375 0.0609375
10 0.371539903125 0.745061075 0.3635888875 0.7572318906250001 0.36184128437499996 0.7686410218749999 0.3683875671875 0.8475984343749999 0.382487025 0.8598604312500001 0.3995464109375 0.8577658015624999 0.40931591875000006 0.8411737453124999 0.408835615625 0.8244408890624999 0.3960743484375 0.7910247953125 0.3886701796875 0.7499543375 0.382395878125 0.743728128125 0.371539903125 0.745061075
10 0.08359375 0.63828125 0.0359375 0.0390625
10 0.1796875 0.96640625 0.025 0.0671875
10 0.0125 0.7796875 0.025 0.04375
10 0.7678924296874999 1 0.7679751125000001 0.9996570796875 0.7628972218750001 0.9583009890625 0.7584414125000001 0.9476535406250001 0.7512224203125 0.94014400625 0.74424358125 0.9410009 0.73854795625 0.94589819375 0.7355880265625 0.96025481875 0.7396874375 1 0.7678924296874999 1
10 0.6307413890625 0.8243340921875 0.6225777078125 0.8155412312499999 0.61796855 0.835697634375 0.6206767578125 0.8577542156250001 0.6263448953124999 0.8654541703125 0.63160361875 0.8634091609375 0.6341266484375 0.8519048187500001 0.6307413890625 0.8243340921875
10 0.6046103453125 0.70766756875 0.601732875 0.6842324515625 0.5911720265625 0.6687373296875 0.5857440390625 0.669403803125 0.580457828125 0.6840460593750001 0.5787811140625 0.702443084375 0.5857324671875 0.7141834390625 0.5980409203125 0.7182694265625 0.6046103453125 0.70766756875