10 0.2015625 0.5125 0.05 0.06875
10 0.95390625 0.31484375 0.0421875 0.0515625
10 0.93359375 0.4859375 0.0203125 0.0375
10 0.73828125 0.22265625 0.025 0.0359375
10 0.671875 0.09296875 0.021875 0.0484375
10 0.47421875 0.015625 0.0171875 0.03125
10 0.5125 0.11796875 0.021875 0.0359375
10 0.88984375 0.03125 0.01875 0.034375
10 0.03203125 0.78671875 0.03125 0.071875
10 0.13046875 0.865625 0.0203125 0.0453125
10 0.24140625 0.796875 0.0171875 0.0359375
10 0.6625 0.9796875 0.0375 0.040625
10 0.63359375 0.7 0.025 0.090625
10 0.5484375 0.765625 0.028125 0.0828125