10 0.20022409687499998 0.196942534375 0.20671186874999997 0.1909390875 0.2106451015625 0.1760938359375 0.20478676875000001 0.1681349578125 0.20049407187499999 0.17026746406249998 0.200351878125 0.156182928125 0.1963738984375 0.15133427187499998 0.1933097453125 0.1606923703125 0.1894515875 0.16008129843750002 0.1884403140625 0.1514839171875 0.17886601562499999 0.15699850625 0.17669331562499999 0.1707164 0.1812032828125 0.1672121046875 0.18375782031250001 0.1760539125 0.18894197031249998 0.1782812015625 0.1822593015625 0.19550339218749999 0.1890841640625 0.1923657390625 0.20022409687499998 0.196942534375
10 0.271400884375 0.436020484375 0.28080265625 0.45157159375000006 0.2895078734375 0.4515441625 0.301472140625 0.4309398921875 0.30555552812500003 0.385181984375 0.3028811703125 0.37210259375 0.2803089578125 0.37977711875 0.271116496875 0.407851409375 0.271400884375 0.436020484375
10 10 0.42291210156250003 0.0005619500000000001 0.423055815625 0.0117545875 0.402329328125 0.015448178125 0.379008909375 0.008196735937500001 0.3398929515625 10 0.32633504687500003 10 0.42291210156250003
10 0.43203125 0.80625 0.0234375 0.0375
10 0.26796875 0.57109375 0.01875 0.0421875
10 0.23515625 0.73203125 0.021875 0.046875
10 0.17890625 0.8640625 0.01875 0.0234375
10 0.11328125 0.71640625 0.01875 0.0265625
10 0.37109375 0.54296875 0.025 0.0359375
10 0.834375 0.76015625 0.015625 0.0359375
10 0.72890625 0.8609375 0.0203125 0.0296875
10 0.7796875 0.5125 0.015625 0.03125
10 0.69296875 0.55234375 0.0140625 0.028125