10 0.068620084375 0.14070244999999998 0.0563337390625 0.13801456406249998 0.040033476562499996 0.18099059374999998 0.0243569484375 0.20308409374999997 0.0244160828125 0.2324176328125 0.04467644375 0.2638744078125 0.07051271718749999 0.27217606562499996 0.0821161921875 0.26641294375 0.10535810937500001 0.21718381562500003 0.1043768265625 0.1891498921875 0.093542265625 0.172649203125 0.078583575 0.1654908234375 0.068620084375 0.14070244999999998
10 0.5328125 0.13515625 0.0359375 0.084375
10 0.7703125 0.33359375 0.05625 0.0328125
10 0.74140625 0.1078125 0.0328125 0.05625
10 0.16328125 0.9140625 0.05625 0.1328125
10 0.13125 0.64453125 0.0328125 0.05625
10 0.0109375 0.4828125 0.021875 0.06875
10 0.14765625 0.46875 0.034375 0.0734375
10 0.8685805249999999 0.39810100625 0.8612463578125 0.3931405375 0.8512989781249999 0.41304311406250005 0.8489761234375 0.43514359999999996 0.8532534890625 0.446765484375 0.8593240718749999 0.4488000671875 0.8679648437499999 0.44132901406249997 0.8685805249999999 0.39810100625
10 0.77238644375 0.5335410281249999 0.774128584375 0.5169656640625 0.7715503390625 0.5041258265625 0.762611153125 0.492013965625 0.751494290625 0.5006213125000001 0.7483944656249999 0.5226401359375 0.7520911171875 0.539787140625 0.7671949859375 0.5455642375 0.77238644375 0.5335410281249999
10 0.6694478 0.35 0.6683796 0.35300753125 0.666637459375 0.369582896875 0.6724687640625 0.38136810625 0.6799481093749999 0.3849472953125 0.6910649703125 0.37633995000000003 0.6921166718749999 0.35 0.6694478 0.35
10 0.9546625515624999 0.8405412828125 0.9510680562499999 0.8373704078124999 0.9417013921875 0.8517478640625 0.9390371015625 0.8696228453125 0.9437500015625 0.8771008874999999 0.9507427343749999 0.8778358531249999 0.9559341906250001 0.86581264375 0.9546625515624999 0.8405412828125
10 0.646436365625 0.4737518328125 0.6386666625 0.47293520312500004 0.6312894734375 0.48333214375000005 0.62998286875 0.4957636671875 0.6393575890625 0.5037316875 0.6560584203125 0.4943147 0.6542571453125 0.48155652499999996 0.646436365625 0.4737518328125