10 0.20859375 0.453125 0.0640625 0.1125
10 0.2778110015625 0.14402361875 0.289080446875 0.0774555265625 0.260333796875 0.045029609375 0.25104712500000004 0.124876909375 0.2536351140625 0.140408625 0.253827484375 0.153004434375 0.2615625640625 0.1687478 0.2718137328125 0.16309947656249998 0.2778110015625 0.14402361875
10 0.5314226421875 0.4585478875 0.5202097390625 0.408697353125 0.49032264999999997 0.3895220734375 0.48742135781249996 0.3913323609375 0.48258247499999996 0.4354911078125 0.4835480296875 0.4535884078125 0.4997923 0.479356190625 0.5098510984375 0.4611120578125 0.5314226421875 0.4585478875
10 0.063391925 0.10777144218750001 0.066488365625 0.084895653125 0.057594434375 0.049679617187500004 0.047731246875 0.0412480296875 0.03419219375 0.0459558953125 0.032451140625 0.0504082 0.042117329687499996 0.10234616249999999 0.0486926328125 0.1098372921875 0.063391925 0.10777144218750001
10 0.2638169265625 0.8216737984375 0.2705855265625 0.8305403015625 0.27658140625 0.828295096875 0.28006490156249997 0.802559834375 0.278131940625 0.7888061109375 0.2638197046875 0.7880124875 0.255309125 0.7948187250000001 0.252988646875 0.78953469375 0.25376136875 0.8006464015624999 0.2638169265625 0.8216737984375
10 0.07377053125000001 0.6969089421875 0.0747360859375 0.7150062390625 0.080343984375 0.7268409453125 0.0969771609375 0.72730838125 0.10587479531249999 0.7176426703125001 0.10452589062499999 0.6575230984375 0.097757290625 0.648656596875 0.09234176250000001 0.6494176984375 0.081896834375 0.65930086875 0.07377053125000001 0.6969089421875
10 0.73984375 0.7390625 0.0203125 0.05
10 0.740625 0.6984375 0.0203125 0.040625
10 0.81171875 0.5890625 0.0359375 0.06875
10 0.88046875 0.53828125 0.0265625 0.0578125
10 0.909375 0.834375 0.0375 0.0546875
10 0.7609375 0.54609375 0.0234375 0.05