10 0.28359375 0.284375 0.021875 0.0359375
10 0.1015625 0.2875 0.01875 0.028125
10 0.1265625 0.04921875 0.01875 0.0265625
10 0.21640625 0.40390625 0.0265625 0.0515625
10 0.1 0.4125 0.021875 0.028125
10 0.496875 0.66171875 0.0265625 0.0390625
10 0.05703125 0.11796875 0.0203125 0.0390625
10 0.8335935375 0.42304337031249994 0.8282442937500001 0.4241803875 0.8195847640625 0.44731979062500005 0.8194333125 0.4729104984375 0.810111725 0.500450378125 0.8201164234375 0.5437611718750001 0.8288287421874999 0.5546885687499999 0.843365715625 0.5629579796875 0.8620792749999999 0.553300621875 0.8803843484375001 0.5266910765625 0.8579661609375 0.4888586859375 0.839911203125 0.43022001562499995 0.8335935375 0.42304337031249994
10 0.52421875 0.98359375 0.0234375 0.0328125
10 0.346875 0.9828125 0.034375 0.034375
10 0.253125 0.79765625 0.034375 0.0359375
10 0.1015625 0.86875 0.028125 0.053125
10 0.05546875 0.99453125 0.0203125 0.0109375
10 0.7576465125 0.8830704390624999 0.76902465625 0.8877515265625 0.7819135578124999 0.8807521546875 0.7801633640625 0.861245325 0.765506671875 0.8373822687500001 0.7521247625 0.8345470125000001 0.7512760593750001 0.8418269953124999 0.7553187875 0.8608465328125 0.7535192609375 0.8711684562500001 0.7576465125 0.8830704390624999
10 0.5796875 0.7796875 0.5796875 0.8044160093749999 0.5885759828125 0.8087272296875 0.5925835171875 0.8050355687499999 0.5966755765625 0.79422635 0.5953162703125 0.78031610625 0.59505053125 0.7796875 0.5796875 0.7796875
10 0.6464850859375 1 0.638037790625 0.987062825 0.627610471875 0.979339796875 0.6153836265625 0.9819386937499999 0.61292204375 0.99666109375 0.613248321875 1 0.6464850859375 1