10 0.051793053125 10 0.0208861796875 0.056136885937500006 0.021244303125 0.1214183546875 0.027003093750000002 0.137987040625 0.0382298015625 0.15446028437499998 0.0461138296875 0.15848996875000002 0.07106154375 0.1552763046875 0.0857575953125 0.14668518125000002 0.094864534375 0.1312461125 0.11366015781250001 0.1336962359375 0.11663924375000001 0.12530963281250002 0.11556724062499998 0.1086591390625 0.10822194843749999 0.090729046875 0.1074947640625 0.049068725 0.10849951875 0.017101878125 0.11262223281249999 10 0.051793053125 0
10 0.84609375 0.2453125 0.01875 0.078125
10 0.6796875 0.3078125 0.01875 0.0515625
10 0.73203125 0.10078125 0.0171875 0.0609375
10 0.6078125 0.4234375 0.015625 0.0125
10 0.49296875 0.07734375 0.0078125 0.0265625
10 0.26650109375 0.5940648859375 0.26550180624999997 0.5815804250000001 0.258326190625 0.573371071875 0.2521013828125 0.5748688265624999 0.2444839875 0.5861145921875 0.24394525156250002 0.600015 0.247923625 0.604112859375 0.25966482968750004 0.6052970171875 0.26650109375 0.5940648859375
10 0.21473579687500002 0.8962489062500001 0.2264042828125 0.8932670312500001 0.2338035234375 0.86952316875 0.2309995796875 0.8431792031249999 0.22301859375 0.833594809375 0.2097393671875 0.8338265984375 0.20287886406250003 0.8436700515624999 0.20180139062500002 0.87147086875 0.204314459375 0.8811507062499999 0.21473579687500002 0.8962489062500001
10 0.10930815625000001 0.6707397109375 0.1020113421875 0.6555869734374999 0.0925165734375 0.6488072015624999 0.0849476578125 0.662830321875 0.08138135468749999 0.682339978125 0.08084261875 0.6962403859374999 0.0958780234375 0.7070907468750001 0.1081579640625 0.6943744953125 0.10930815625000001 0.6707397109375
10 0.60390625 0.8546875 0.01875 0.078125
10 0.49375 0.71015625 0.009375 0.0609375