10 0.09289005156249999 0.348730921875 0.09700733593750001 0.340840546875 0.098263065625 0.3242029 0.09348464375 0.3054250328125 0.0985625328125 0.26406894531249997 0.10400643437499998 0.23255302968749997 0.1177123921875 0.19785360937500002 0.12025133750000001 0.177175565625 0.1171930328125 0.1572095828125 0.09831515468749999 0.150693715625 0.078181546875 0.1608154921875 0.06076771875 0.19366032187499999 0.0118131203125 0.25901473125 0.0030823328125 0.32371072968750003 0.006479164062499999 0.3409196390625 0.0153039828125 0.35879501875 0.022550459375 0.3638827328125 0.0477026390625 0.36417239375 0.063451325 0.3577101734375 0.07461833749999999 0.3436888 0.09289005156249999 0.348730921875
10 0.53359375 0.33203125 0.0375 0.084375
10 0.43125 0.490625 0.025 0.053125
10 0.54296875 0.67421875 0.0390625 0.0515625
10 0.78125 0.57890625 0.0578125 0.134375
10 0.7546875 0.309375 0.034375 0.05625
10 0.63515625 0.14453125 0.0296875 0.06875
10 0.63671875 0.00546875 0.0265625 0.0109375
10 0.56484375 0.028125 0.0234375 0.05625
10 0.77421875 0.13359375 0.034375 0.0734375
10 0.634375 0.4765625 0.05625 0.1203125
10 0.39140625 0.9890625 0.0234375 0.021875
10 0.23359375 0.76015625 0.01875 0.028125
10 0.54294548125 0.7138553187500001 0.5398712609375 0.726071725 0.542563553125 0.73619753125 0.5487669671875001 0.7369592140625001 0.5613155703125 0.724506796875 0.5519829625 0.7107670234375 0.54294548125 0.7138553187500001