10 0.51015625 0.48828125 0.0234375 0.0421875
10 0.38828125 0.2375 0.0296875 0.065625
10 0.23671875 0.3609375 0.03125 0.0625
10 0.31171875 0.0234375 0.0234375 0.046875
10 0.1515625 0.08984375 0.0234375 0.053125
10 0.09765625 0.22890625 0.01875 0.0296875
10 0.09140625 0.45234375 0.0140625 0.0359375
10 0.5910517125 0.4910083453125 0.5840902796874999 0.47515625000000006 0.5678455453125 0.45499868593750004 0.5647509578125 0.45543360312500003 0.56417014375 0.46252792343750004 0.5693891359375 0.499662975 0.5840875015625 0.5088175609375 0.5920177296875 0.503495425 0.5910517125 0.4910083453125
10 0.28493982500000004 0.8755818640624999 0.30079981718750004 0.8705478109375001 0.3037020359375 0.8575170859375 0.2977080078125 0.83732141875 0.286878340625 0.82201296875 0.27411339843750004 0.8210018890624999 0.2702433109375 0.84398640625 0.27410969375 0.865883634375 0.28493982500000004 0.8755818640624999
10 0.11919442031250001 0.7964905671875 0.13002547656250002 0.7949683609375 0.13795663125 0.7784257875 0.13621789374999999 0.7548270015625 0.1265484640625 0.7421605671875 0.11088222968749999 0.7429597765625 0.10565907187500001 0.7563166875 0.112038765625 0.7904835375 0.11919442031250001 0.7964905671875
10 0.7863311515625 0.610490759375 0.7462952703125 0.6119098218750001 0.712640934375 0.625054859375 0.70219600625 0.634938028125 0.6894287484375 0.6619780375 0.687103640625 0.7127961890625001 0.6896155625 0.741896465625 0.70005354375 0.8161665718750001 0.7087551046875 0.8387867984374999 0.725773021875 0.8644458515625001 0.7412459609375001 0.862271271875 0.7623300390625 0.8326598703125001 0.78534615 0.828022628125 0.8085550953125 0.8303709781249999 0.8133911984375001 0.8198735390625 0.8128140890625 0.7820861125 0.8184261546875 0.7434288546875 0.815532271875 0.6554756515625 0.7863311515625 0.610490759375
10 0.6659954484374999 1 0.6665790765625 0.9933833109375 0.65285043125 0.9518340593750001 0.6493738828125 0.8934160484374999 0.6427995046875 0.87470448125 0.6252012359375 0.8505295281249999 0.6116626468749999 0.8496271765625 0.6060524328125 0.8658435609375001 0.5946410249999999 0.8688498687500001 0.58381043125 0.8647618578125 0.57085358125 0.8455447484375 0.56988525 0.861108759375 0.558664821875 0.89354153125 0.5721978546875001 0.9617665015625001 0.57258166875 0.9981785562500001 0.57311844375 1 0.6659954484374999 1