10 0.0866500015625 0.06742698281250001 0.06985295 0.089945784375 0.09050170937499999 0.109032765625 0.0997056046875 0.09914840781249999 0.101758125 0.082443375 0.0968774234375 0.0714157640625 0.0866500015625 0.06742698281250001
10 0.3541142859375 0.26001064218750003 0.36192559687500003 0.2598742953125 0.36573429375 0.2542514109375 0.36534646249999997 0.232032575 0.35873382187499997 0.211311490625 0.3470653359375 0.21429336562499998 0.3417670953125 0.22410955000000002 0.34064114375 0.2491330109375 0.34305725468750004 0.25325814062499996 0.3541142859375 0.26001064218750003
10 0.2029572328125 0.32932591875 0.20269059843749998 0.3140504671875 0.1946611328125 0.30168871875000003 0.18211455781250002 0.2991295203125 0.176913275 0.3145004125 0.176519975 0.3367328859375 0.182278765625 0.3533015703125 0.1969021 0.34054441562500004 0.2029572328125 0.32932591875
10 0.32302505937500003 0.5390625 0.3217157515625 0.5078360421875 0.31437045937499997 0.489905946875 0.2997713640625 0.5040517796875 0.2945458421875 0.5180339968750001 0.29644745625 0.537448209375 0.2977027859375 0.5390625 0.32302505937500003 0.5390625
10 0.058158085937500006 0.5390625 0.057887384374999996 0.5235539859375 0.053690856249999995 0.50695803125 0.0472478921875 0.4959576890625 0.032527600000000004 0.5031601359375 0.032523184375 0.5390625 0.058158085937500006 0.5390625
10 0.39065122343750003 0.7934146734375 0.3879442390625 0.7726254156250001 0.3815255140625 0.7630137515625 0.3744710953125 0.7617477875 0.3675621140625 0.7688138859375 0.3663876828125 0.79105999375 0.3720252765625 0.8006852921875 0.3822526984375 0.8046740734375 0.39065122343750003 0.7934146734375
10 0.2077966234375 0.74783355 0.2084565578125 0.7408765296875 0.200330134375 0.7229600703125 0.1870266671875 0.7218031828125 0.1847802328125 0.727398796875 0.1835815625 0.7482562265625 0.1876084140625 0.755131440625 0.1977873578125 0.7563428671875 0.2077966234375 0.74783355
10 0.2058629359375 0.592288053125 0.20564478125000002 0.57978995625 0.1999829484375 0.5687759812500001 0.19451503125 0.5688714234375001 0.186873396875 0.5787285125 0.1871642703125 0.5953926390625 0.1943398859375 0.6036019921875 0.20134582656250002 0.602090603125 0.2058629359375 0.592288053125
10 0.0934848625 0.7345487640625 0.09463505312500001 0.7109139796875 0.086557109375 0.695774878125 0.0740347734375 0.6946043546875 0.067979640625 0.7058228515625 0.06521870937499999 0.72670755 0.07092902031250001 0.74049888125 0.086624359375 0.7443922187500001 0.0934848625 0.7345487640625
10 0.15981611406250001 0.8639663921875 0.15847200625 0.8764917578125001 0.1625473375 0.8861443250000001 0.1687963859375 0.8860352468749999 0.179489825 0.8719575875000001 0.16833583593749998 0.859650378125 0.15981611406250001 0.8639663921875
10 0.8625 0.6828125 0.0265625 0.0796875
10 0.77578125 0.83671875 0.021875 0.0421875