10 0.3199590078125 0.36083538437499996 0.3328265703125 0.3555270359375 0.3360436375 0.338515246875 0.3302674359375 0.308348328125 0.319475515625 0.2925621671875 0.3157051796875 0.2942862234375 0.31290324062499997 0.307079109375 0.3079046109375 0.3395828984375 0.30989338593750004 0.3533508453125 0.3199590078125 0.36083538437499996
10 0.11553082968749999 0.5390625 0.1154960171875 0.53766171875 0.106917878125 0.5202876828125 0.1030264921875 0.520628134375 0.098398325 0.5390625 0.11553082968749999 0.5390625
10 0.0684013296875 0.3369903296875 0.0665855859375 0.3162362734375 0.05681404062499999 0.3031492296875 0.0470595875 0.3081852171875 0.039466935937499996 0.32000304218750003 0.0382215515625 0.332659746875 0.0463154921875 0.34449936718749996 0.059909351562500004 0.3474926421875 0.0684013296875 0.3369903296875
10 0.323903428125 0.6966982203125001 0.3106346296875 0.6764814453125 0.30332707812500004 0.72266445 0.305263871875 0.7448021109375 0.3106598328125 0.7526951890625 0.315986721875 0.7508349531249999 0.3189097109375 0.7394256703125001 0.323903428125 0.6966982203125001
10 0.27807275625 0.54455813125 0.2722787578125 0.5590069828125 0.26996101875 0.5773342828125 0.2764984046875 0.589310084375 0.2883967578125 0.5836218 0.2943681890625 0.5682279625 0.2935343390625 0.55993575 0.2835206953125 0.5440814984375 0.27807275625 0.54455813125
10 0.2642300421875 0.9301020859375001 0.260165953125 0.90025010625 0.23879296874999997 0.8770245031249999 0.23850490624999998 0.909580903125 0.24027648125 0.9252267796875 0.23980937343750003 0.93781539375 0.24670990937499998 0.9539420078124999 0.2572426390625 0.9488379296874999 0.2642300421875 0.9301020859375001
10 0.4601848171875 0.6750157828125001 0.458369071875 0.654261728125 0.44762913125 0.6301058546875 0.43626614375 0.6436477359375 0.42952084062500007 0.6651507859375 0.431215534375 0.6845212390625 0.439845653125 0.6935255609375 0.4524191375 0.6938197171875 0.4601848171875 0.6750157828125001
10 0.22675437031249998 0.6243343968749999 0.2293661890625 0.600404590625 0.23797921562500002 0.5912858828124999 0.2377890953125 0.5801489625 0.2334135109375 0.574955 0.21096452499999999 0.5783132265625001 0.1989614015625 0.6114298296875 0.2020916015625 0.6292804984375 0.21916171874999998 0.636152221875 0.22675437031249998 0.6243343968749999
10 0.84296875 0.8453125 0.040625 0.1
10 0.65546875 0.96953125 0.0390625 0.0609375
10 0.58515625 0.6515625 0.0296875 0.0640625
10 0.76640625 0.57578125 0.0203125 0.0703125