10 0.403125 0.22265625 0.0125 0.1015625
10 0.24375 0.3640625 0.034375 0.05
10 0.16875 0.0328125 0.0375 0.065625
10 0.09921875 0.19296875 0.0234375 0.0359375
10 0.8453141421874999 0.2836594140625 0.8432305671875 0.271309553125 0.836630346875 0.26083095 0.8178378828125 0.261409578125 0.8145337453125 0.2673430125 0.8153026609375 0.289606825 0.8217577015625 0.29870414843750004 0.8375874624999999 0.29983345156249996 0.8453141421874999 0.2836594140625
10 0.5389566484375 0.2837384796875 0.5373005515625 0.297877934375 0.54283344375 0.30567564062499997 0.5482722359375 0.305104 0.55565748125 0.293155465625 0.551388171875 0.2824318734375 0.5389566484375 0.2837384796875
10 0.7150091468750001 10 0.7127532171875 0.0015258000000000001 0.71051640625 0.0101401359375 0.7107556859375 0.019890760937499998 0.721582190625 0.025735545312500004 0.7289163578125001 0.0207750765625 0.7333389 0.010534471875 0.733099621875 0.0007838468750000001 0.732543440625 10 0.7150091468750001 0
10 0.9566920859374999 0.7691662953125 0.9613028296875001 0.77566438125 0.9802404718750001 0.776467034375 0.9865073125 0.7688256671875 0.9777804953124999 0.7306397921875 0.9685079296874999 0.72463168125 0.962437346875 0.7266662640625 0.9575281906249999 0.739751090625 0.9566920859374999 0.7691662953125
10 0.6979663125 0.6469297671875001 0.7053515578124999 0.6349812328125 0.704241209375 0.6169429234375 0.6922021984375 0.6070359609375 0.6759288453125001 0.624108290625 0.678012421875 0.6364581515625 0.6835453140625 0.64425585625 0.6979663125 0.6469297671875001
10 0.83055140625 0.8620269531249999 0.8300217703125 0.8495137671874999 0.823908165625 0.836190940625 0.8063792843750001 0.83384368125 0.8028278125 0.8523719671875 0.8073364 0.8728461843750001 0.8230209828125 0.8725942078125 0.83055140625 0.8620269531249999
10 0.5206549359375 1 0.52137913125 0.99228001875 0.5099719125 0.9809101124999999 0.505557425 0.9688052390624999 0.497010753125 0.9697035312499999 0.4942873296875 0.9811620890625001 0.4952525 0.9978191171875 0.49656886250000004 1 0.5206549359375 1
10 0.5170316625 0.524896296875 0.5155798796875001 0.51108349375 0.5062132140625 0.4967060375 0.49994637343750004 0.50434740625 0.49765848593750006 0.5199498046875 0.4991102703125 0.5337626078125 0.506974071875 0.541315325 0.51353126875 0.5364365171875 0.5170316625 0.524896296875