10 0.3390625 0.2682291671875 0.3328125 0.25711805625 0.3265625 0.2557291671875 0.31171875 0.2904513890625 0.29453125 0.3098958328125 0.296875 0.35711805625 0.31328125 0.3807291671875 0.33359375 0.37795138906250003 0.3390625 0.37327031875 0.3390625 0.2682291671875
10 0.46875 0.3296875 0.01875 0.034375
10 0.371875 0.09296875 0.009375 0.0203125
10 0.171875 0.55234375 0.028125 0.08125
10 0.08359375 0.72265625 0.03125 0.05
10 0.225 0.90703125 0.0296875 0.08125
10 0.06875 0.39453125 0.021875 0.0109375
10 0.71875 0.8769097218749999 0.734375 0.8741319437499999 0.7375 0.8657986109374999 0.7375 0.82413194375 0.734375 0.8130208328125 0.728125 0.8046875 0.72109375 0.8046875 0.71484375 0.8088541671874999 0.71015625 0.82274305625 0.709375 0.8630208328125001 0.71875 0.8769097218749999
10 0.62265569375 0.6750578703125 0.61562444375 0.6653356484375 0.60859319375 0.68478009375 0.60859319375 0.707002315625 0.6132806937499999 0.7153356484375 0.61874944375 0.713946759375 0.62265569375 0.7028356484375 0.62265569375 0.6750578703125
10 0.60781305625 0.5431134265625 0.60781305625 0.519502315625 0.59921930625 0.5028356484375001 0.5937505562500001 0.5028356484375001 0.58671930625 0.5167245375 0.58281305625 0.53478009375 0.58828180625 0.54728009375 0.60000055625 0.5528356484375 0.60781305625 0.5431134265625
10 0.47576180937500007 0.5537615734375001 0.4687305593750001 0.5690393515625 0.48123055937500003 0.577372684375 0.48591805937500004 0.570428240625 0.48591805937500004 0.5551504625 0.48279305937500006 0.5509837953125001 0.47576180937500007 0.5537615734375001
10 0.5630218515625 0.91024305625 0.5606781015625 0.894965278125 0.5552093515625 0.8880208328125001 0.5466156015625 0.8921875 0.5395843515625 0.9032986109374999 0.5380218515624999 0.9157986109374999 0.5434906015625 0.932465278125 0.5544281015625 0.9282986109374999 0.5630218515625 0.91024305625