10 0.57578125 0.2796875 0.0578125 0.08125
10 0.70703125 0.10625 0.0375 0.040625
10 0.82734375 0.31171875 0.0421875 0.065625
10 0.95546875 0.165625 0.01875 0.0265625
10 0.5639843234375 0.6828882734375 0.581937140625 0.64379519375 0.5880040531249999 0.6128862796875 0.5757357750000001 0.6081533593749999 0.5543438609375 0.66213210625 0.5493449484375 0.683784775 0.5520377156249999 0.6929589828125 0.557678734375 0.6928358921875001 0.5639843234375 0.6828882734375
10 0.672087459375 0.639900715625 0.6738568546874999 0.631756678125 0.69347194375 0.5773677203124999 0.669923521875 0.57288141875 0.6539286000000001 0.6243050328125 0.6460608515625 0.6410191125 0.64857755 0.6544289390625 0.6616513312500001 0.6526958515625 0.672087459375 0.639900715625
10 0.605635225 0.9272236921874999 0.640012028125 0.8691156328125 0.6247951265625 0.8285415531249999 0.587510559375 0.8997573843750001 0.5843605859375 0.9151849421874999 0.5800262453125 0.9270130812499999 0.581605646875 0.944482784375 0.593200115625 0.9428833109374999 0.605635225 0.9272236921874999
10 0.30932560000000003 0.7637870671875 0.30637735 0.773084365625 0.3075476640625 0.7819070890625 0.3194148578125 0.78607226875 0.3304638765625 0.772943490625 0.329924065625 0.7376584453125 0.30932560000000003 0.7637870671875
10 0.4184493890625 0.8165384437500001 0.42953811406250003 0.7962917203125001 0.43385521406249994 0.7602274203125 0.4276687453125 0.748821203125 0.41334180312499996 0.7483644125 0.4101208265625 0.751897059375 0.4005320890625 0.8038493765625001 0.40398608437500005 0.8131993265624999 0.4184493890625 0.8165384437500001
10 0.49505981875 0.618986578125 0.49193549843749995 0.6325194953125 0.49812196718749996 0.6439257109375001 0.50729639375 0.63891668125 0.5136019828125 0.6289690625000001 0.5097389 0.6109721328125 0.49505981875 0.618986578125
10 0.5212760750000001 0.5285854953125 0.5158283671875 0.5487091296875 0.51302718125 0.592725659375 0.5270525828125 0.5921625515625 0.5325184046875 0.535457259375 0.528751978125 0.5274605984375 0.5212760750000001 0.5285854953125