10 0.38046875 0.49375 0.0359375 0.0859375
10 0.07734375 0.4015625 0.0203125 0.0453125
10 0.38828125 0.18984375 0.0234375 0.090625
10 0.1421875 0.57421875 0.028125 0.0765625
10 0.29609375 0.2453125 0.0265625 0.0828125
10 0.8576573453125 0.2710893578125 0.8685489765625001 0.2294727171875 0.8691564421875 0.1979798703125 0.856252684375 0.19544921875000001 0.8445590718750001 0.252322571875 0.84339605 0.274514340625 0.84764099375 0.283081578125 0.8531749375000001 0.2819808046875 0.8576573453125 0.2710893578125
10 0.956653440625 0.209982965625 0.9569817578125001 0.2016554015625 0.9668543062499999 0.144686609375 0.9428846 0.14435760625 0.93606229375 0.19777746875 0.9312164421875 0.21560384375 0.9360234984375 0.228372925 0.9485977125 0.224395928125 0.956653440625 0.209982965625
10 0.9411038765624999 0.5044801703124999 0.9648680609374999 0.44128543281250004 0.9428367234374999 0.40397015156249994 0.9184850906250001 0.48057845156249995 0.9180619406249999 0.4963186171875 0.9158473828125 0.5087197109375 0.9204363718749999 0.52564975 0.9315769484375 0.5220612171875 0.9411038765624999 0.5044801703124999
10 0.6209153890625 0.39498014062500003 0.6196263875 0.40464815156249995 0.622310971875 0.41313361562499995 0.6347211515625 0.41517479843749994 0.6433225218749999 0.40032683437500005 0.6366637296875 0.36567158437499997 0.6209153890625 0.39498014062500003
10 0.737541521875 0.42798095937499997 0.744945978125 0.4061162921875 0.742934990625 0.3698502328125 0.734861840625 0.3596915703125 0.720673234375 0.3617295671875 0.71811463125 0.3657678625 0.71769299375 0.41859597187500003 0.722718115625 0.427204096875 0.737541521875 0.42798095937499997
10 0.7786835453125 0.2201270875 0.77795665625 0.23399694218749997 0.7860298078125 0.244155603125 0.7941950453125 0.2376295484375 0.798677453125 0.22673810312499998 0.7917479249999999 0.209685403125 0.7786835453125 0.2201270875
10 0.788803534375 0.1265469953125 0.7869330234375 0.1473108921875 0.7918177828124999 0.1911451328125 0.8055323234374999 0.18815509375 0.8010683375 0.131362153125 0.7959705265625 0.12414101250000001 0.788803534375 0.1265469953125
10 0.33671875 0.8390625 0.0265625 0.034375