10 0.32890625 0.42890625 0.025 0.0375
10 0.17890625 0.209375 0.0203125 0.0421875
10 0.14296875 0.359375 0.021875 0.046875
10 0.14609375 0.0625 0.0140625 0.025
10 0.01953125 0.325 0.0203125 0.0265625
10 0.01484375 0.06953125 0.01875 0.0234375
10 0.27578125 0.1640625 0.0265625 0.0359375
10 0.88578731875 0.228182846875 0.89708685625 0.231585575 0.9018984734375 0.22679273437499997 0.9097537109375 0.195740584375 0.9095703234375 0.178784471875 0.9059645953125 0.17673837187500002 0.8887392437500001 0.1934454828125 0.883341634375 0.21505877343750002 0.88578731875 0.228182846875
10 0.6495395609375001 0.2767861359375 0.6597368453125 0.272942934375 0.6632508796875001 0.266510978125 0.663641540625 0.2552973453125 0.6586465359375 0.2431340734375 0.650137496875 0.23740275624999999 0.643063584375 0.2460276359375 0.6381941765625 0.26914438125 0.6495395609375001 0.2767861359375
10 0.21015625 0.559375 0.040625 0.0859375
10 0.09375 0.71171875 0.040625 0.0546875
10 0.20078125 0.91796875 0.04375 0.0859375
10 0.4453125 0.81875 0.0640625 0.134375
10 0.4328125 0.54765625 0.0359375 0.0578125
10 0.64921875 0.54296875 0.034375 0.0578125