10 0.49296875 0.3109375 0.0328125 0.0625
10 0.39453125 0.0453125 0.0265625 0.053125
10 0.34765625 0.1859375 0.0203125 0.0296875
10 0.35234375 0.4046875 0.0171875 0.028125
10 0.8589445156250001 0.26718036562499997 0.8711867140624999 0.260556071875 0.8726079421874999 0.2433012015625 0.86371008125 0.21390331406250002 0.8513271765624999 0.19933169687500002 0.8477577078125 0.20144041562499998 0.8463083390625 0.214456103125 0.8447346640625 0.24730433281250003 0.8481516859375 0.260788975 0.8589445156250001 0.26718036562499997
10 0.608207715625 0.26152422343750004 0.6042325281250001 0.24107365625 0.5931465453125 0.22907971093750001 0.58397193125 0.23510772812499997 0.577656171875 0.24765446249999998 0.577740596875 0.260372009375 0.5870277749999999 0.2713007234375 0.6008600484375 0.27285665468750003 0.608207715625 0.26152422343750004
10 0.9890625 0.90625 0.021875 0.14375
10 0.7529140734374999 0.521972540625 0.737604734375 0.50325348125 0.7351646515625 0.5499473390625 0.7394048515625 0.5717612765625 0.7455963046875 0.5790470859375001 0.750699565625 0.576640228125 0.7524139468750001 0.5649879109375 0.7529140734374999 0.521972540625
10 0.71796493125 0.7603353625 0.7108027234375001 0.731071728125 0.6871190875 0.71020744375 0.6902356734375 0.74261560625 0.6936329812500001 0.75799059375 0.6944843015625001 0.770559071875 0.703032725 0.7858760390625 0.7129742359375 0.7796989515625 0.71796493125 0.7603353625
10 0.63161868125 0.913891521875 0.632706871875 0.9235841890625001 0.63736453125 0.9311681359375001 0.649899884375 0.9301463953125001 0.654653709375 0.9136586171874999 0.644599634375 0.9028789734375 0.63161868125 0.913891521875
10 0.886182465625 0.4861635984375 0.8822072796875 0.4657130328125 0.8690011953125 0.4428121171875 0.85911596875 0.4574675703125 0.854655296875 0.4795579 0.8583654718750001 0.49864509687499997 0.867889521875 0.5066979984375 0.8804248734375001 0.5056762578125 0.886182465625 0.4861635984375
10 0.6275477921875 0.41875 0.61974351875 0.45023125625000004 0.6247224734375 0.4676569421875 0.64241736875 0.472706709375 0.6487331281250001 0.460159975 0.64882929375 0.43608824999999996 0.6564419734375 0.42611918906249996 0.6555400203125 0.41875 0.6275477921875 0.41875
10 0.9156715359375 0.6870046125 0.9217504234374999 0.677333690625 0.9161570187500001 0.6444637140625 0.9029227953125 0.6173236171875 0.9001202218750001 0.6192832671875 0.8984902640625 0.64365313125 0.8922307890625 0.6646782296875 0.8928170953125001 0.6758833375 0.8998035859375 0.687259259375 0.9156715359375 0.6870046125