10 0.28828125 0.34765625 0.0453125 0.05625
10 0.45390625 0.378125 0.028125 0.04375
10 0.76171875 0.37109375 0.0328125 0.0359375
10 0.73359375 0.0828125 0.0296875 0.040625
10 0.78203125 0.11328125 0.1484375 0.2265625
10 0.28671875 0.66171875 0.0296875 0.0609375
10 0.0109375 0.77890625 0.021875 0.0890625
10 0.078125 0.76015625 0.034375 0.0828125
10 0.2484375 0.4875 0.034375 0.0375
10 0.8875 0.54765625 0.184375 0.1578125
10 0.984375 0.5515625 0.01875 0.0375
10 0.97890625 0.82734375 0.028125 0.0390625
10 0.85859375 0.71875 0.0234375 0.028125
10 0.7765625 0.99140625 0.01875 0.0171875