10 0.33359375 0.26484375 0.0359375 0.08125
10 0.3875 0.053125 0.0296875 0.059375
10 0.2625 0.4265625 0.0265625 0.04375
10 0.5106129171875 10 0.50701838125 0.006258696875 0.5063847296875 0.0203296921875 0.5184255453125 0.028646500000000002 0.5303245828125001 0.022987523437499997 0.5330168750000001 0.0128617171875 0.531662771875 0.0018334281250000002 0.5282743296875 10 0.5106129171875 0
10 0.53203125 0.17890625 0.0140625 0.0703125
10 0.2331083484375 0.55 0.23508744374999999 0.57170425 0.24065720625 0.5850135609375 0.2562091421875 0.60269449375 0.27317015312500004 0.60620921875 0.30341179375 0.6024960125 0.322388046875 0.5903707875 0.377006440625 0.58646313125 0.4097711109375 0.57124558125 0.41798976562499995 0.5548439468749999 0.417582696875 0.55 0.2331083484375 0.55
10 0.08335957968749999 0.55 0.08493300937500001 0.572882628125 0.094073209375 0.6473235890625 0.1023786671875 0.6700922328125001 0.11894617968750001 0.69604438125 0.1344547140625 0.6941401734375 0.15605237031250002 0.66490125 0.1791459078125 0.6606664015625 0.20231033437499998 0.66341944375 0.20732890624999997 0.65300800625 0.207411365625 0.6152162624999999 0.2136972390625 0.5766628359375 0.21328560156249998 0.55 0.08335957968749999 0.55
10 1 1 1 0.8944443765625 0.9949774031249999 0.8950610749999999 0.9870263874999999 0.9072318906250001 0.985278784375 0.918641021875 0.9918250671875001 0.997598434375 0.9945865078124999 1 1 1
10 0.70703125 0.76796875 0.0359375 0.08125
10 0.76015625 0.56796875 0.0296875 0.0359375
10 0.6359375 0.9296875 0.0265625 0.04375
10 0.9109375 0.68203125 0.025 0.0703125