10 0.03984375 0.34921875 0.0390625 0.05625
10 0.1890625 0.50703125 0.0265625 0.0546875
10 0.1109375 0.0140625 0.034375 0.028125
10 0.2828125 0.315625 0.0296875 0.0515625
10 0.11875 0.1640625 0.025 0.040625
10 0.56015625 0.42421875 0.028125 0.0421875
10 0.85390625 0.43359375 0.0171875 0.0296875
10 0.08359375 0.9375 0.028125 0.0828125
10 0.01171875 0.9859375 0.0234375 0.028125
10 0.11328125 0.58515625 0.0640625 0.0515625
10 0.42887563906250004 0.8929670843749999 0.43461429375 0.850333290625 0.4313792203125 0.8190011546875 0.4182632328125 0.8180619390625001 0.413587903125 0.8759364609375 0.415138046875 0.8981045515625 0.4203954328125 0.9060906015625001 0.4257539765625 0.904323615625 0.42887563906250004 0.8929670843749999
10 0.5168901921875 0.8325135703125 0.5162011890625 0.82420806875 0.519057396875 0.7664607515625 0.4944649796875 0.7208428859375 0.4949650546875001 0.8229084828125 0.49232781093749994 0.8411925421875001 0.49865519531249997 0.8532806125000001 0.5106510109375 0.847800846875 0.5168901921875 0.8325135703125
10 0.3463289078125 0.75440624375 0.3472977484375 0.7682613 0.3565487515625 0.7773603703124999 0.36385780156249997 0.76988786875 0.36697946406250004 0.7585313375 0.3580233859375 0.7424502421875 0.3463289078125 0.75440624375