10 0.24921875 0.23984375 0.0265625 0.034375
10 0.83203125 0.37890625 0.0140625 0.0203125
10 0.66640625 0.17421875 0.021875 0.071875
10 0.365625 0.84921875 0.0390625 0.05625
10 0.4640625 0.621875 0.009375 0.040625
10 0.8553915234374999 0.5862839359375001 0.86700780625 0.5448637187500001 0.8681648062499999 0.5133862703125 0.8553071781250001 0.5106308015625001 0.8426227703125001 0.5672914125 0.8410726265624999 0.5894595031250001 0.8451674046875001 0.5980995203124999 0.8507197171875 0.5970954953125001 0.8553915234374999 0.5862839359375001
10 0.9509630281250001 0.5386680109374999 0.9514366328125 0.5303474453125 0.9623019171875 0.47355962968750004 0.9442976109375 0.42496311093749994 0.9305880328124999 0.5261050093749999 0.9254318062500001 0.543844096875 0.9300152796875001 0.556695128125 0.9426569875 0.5529381859375 0.9509630281250001 0.5386680109374999
10 0.6456000890625 0.6709298921875 0.6441425546875 0.680573934375 0.6466786375 0.6891049578125 0.6590513046875 0.6913624203125 0.6679104984374999 0.6766668296875 0.6618575359375 0.6419006484375 0.6456000890625 0.6709298921875
10 0.7929320734375 0.43758327656249996 0.7919632328125 0.45143833125 0.7998578609375 0.4617363421875 0.8081357499999999 0.4553537859375 0.8128075562499999 0.4445422265625 0.8061766953125 0.4273711859375 0.7929320734375 0.43758327656249996
10 0.7440073328125 0.7005517765625 0.7536501484375 0.6970492281249999 0.7599775328125 0.6849611578125 0.76172571875 0.6711605984375 0.758507171875 0.6611895734375001 0.7477900843749999 0.6576556 0.7362010390625 0.666591178125 0.732696115625 0.6719152125 0.732700390625 0.6830537546875 0.7440073328125 0.7005517765625
10 0.915625 0.81484375 0.0375 0.0671875