10 0.838358909375 0.092326509375 0.8321791218750001 0.10548544687500001 0.832036371875 0.117026765625 0.84950769375 0.19430470312499998 0.8651764765625 0.2044851015625 0.8817783265625 0.20003664843750002 0.8891435890625001 0.1822464125 0.8863391984375 0.16574324375 0.8690515000000001 0.13442837968750002 0.8560034859375001 0.094788078125 0.8489237234375 0.089495675 0.838358909375 0.092326509375
10 0.53515625 0.0234375 0.0453125 0.046875
10 0.68046875 0.33984375 0.034375 0.0703125
10 0.4875 0.1765625 0.03125 0.0453125
10 0.1522769015625 0.6313572875 0.1450543890625 0.6376062046875 0.131868809375 0.6698969406249999 0.14373134999999998 0.7141685421874999 0.157460025 0.729182440625 0.1705411359375 0.7357425531249999 0.18487909687499998 0.7319007078124999 0.2036708671875 0.7024214468750001 0.190013565625 0.6816368890625 0.169131159375 0.6369063875000001 0.16018266875 0.6306768265625 0.1522769015625 0.6313572875
10 0.47265625 0.9078125 0.046875 0.0859375
10 0.7921875 0.9859375 0.075 0.028125
10 0.665625 0.80078125 0.040625 0.0578125
10 0.49140625 0.675 0.0375 0.0703125
10 0.4390625 0.5671875 0.034375 0.015625
10 0.38203125 0.59140625 0.03125 0.0625
10 0.625 0.63359375 0.04375 0.075