10 0.2959187828125 0.49103562343749996 0.3094687125 0.4854218515625 0.312823928125 0.47250034999999996 0.3105951734375 0.45876920937500004 0.3042853109375 0.45105316562500003 0.29326255 0.450815165625 0.2865090953125 0.4613007578125 0.2845115640625 0.4796657171875 0.2959187828125 0.49103562343749996
10 0.22464440468750002 0.19408129999999998 0.21410825781249998 0.19099907656249998 0.203760309375 0.20465554375 0.20691121250000002 0.2196863015625 0.22239953906249998 0.225041109375 0.2324060515625 0.21561014687500002 0.22464440468750002 0.19408129999999998
10 0.0515626 10 0.0542109375 0.03742716875 0.057267740624999994 0.0440885828125 0.0653278 0.046034515625 0.07334483593749999 0.0326230375 0.06991601562500001 10 0.0515626 0
10 0.4568537765625 0.46015528124999994 0.45879217499999997 0.4711238609375 0.47723514843750003 0.49711621250000004 0.48966667187499996 0.49580960625000003 0.4935085 0.48004388125 0.4898279625 0.4524999375 0.48584901093750005 0.4445389046875 0.48104201093750004 0.4436476015625 0.47186354531249997 0.4460088375 0.4568537765625 0.46015528124999994
10 0.7367121062499999 0.510666171875 0.7383682031250001 0.4965267171875 0.7352173000000001 0.481495959375 0.7220598828125 0.4758961609375 0.7162285781250001 0.48768137031250003 0.7162716015624999 0.50303878125 0.7247161171875 0.5161166203125 0.7312222359375 0.518225878125 0.7367121062499999 0.510666171875
10 0.8049617328125 0.3079773484375 0.8177346921875 0.3024452390625 0.820654371875 0.285379896875 0.814352565625 0.2553183796875 0.8032867812500001 0.23972296875 0.799547109375 0.2415125625 0.7969688640625 0.2543524015625 0.792538265625 0.28693847968749997 0.7947670203125 0.300669621875 0.8049617328125 0.3079773484375
10 0.6081275609375 0.5130086375 0.6070682890625 0.487982265625 0.5981882374999999 0.4707605859375 0.5943033859375 0.4711689 0.5899749437499999 0.48977884843749997 0.5886602828124999 0.49969279999999994 0.5919563640625001 0.5161048390625 0.6024925125 0.5191870640625 0.6081275609375 0.5130086375
10 0.5614958062500001 0.2860843140625 0.5593181296874999 0.26536510625 0.5493196734375 0.25245059531249997 0.5396545953125 0.257656053125 0.53226935 0.2696045875 0.5312450453124999 0.2822811 0.5395443828125 0.2939776578125 0.5531884125000001 0.29673323125 0.5614958062500001 0.2860843140625
10 0.1591289703125 0.9652320578125 0.16758154218750002 0.95596441875 0.1671970859375 0.9448325140625 0.160016153125 0.9288287890625 0.150598409375 0.9214393968750001 0.138798678125 0.9212830593750001 0.1390299015625 0.9533791609375001 0.1439310015625 0.9626398093749999 0.1591289703125 0.9652320578125
10 0.3138757953125 0.85592308125 0.3172310109375 0.84300158125 0.3127224234375 0.8225273625 0.2989332171875 0.8183905093749999 0.2876631203125 0.830747359375 0.2864425578125 0.8490306546875 0.3009576578125 0.8600739093750001 0.3138757953125 0.85592308125
10 0.036164121875 0.7473635187500001 0.0366077125 0.7291618859375 0.027292125 0.7077963656249999 0.0127259484375 0.703741175 0.0071849999999999995 0.7182889453125 0.00867980625 0.7474591593750001 0.0188745203125 0.7547668875 0.036164121875 0.7473635187500001
10 0.9758651890625 1 0.9747418734375 0.9893123687500001 0.9704725640625 0.9785887765624999 0.9633857328125 0.9709543984375 0.9563929999999999 0.9716893640625 0.9506127734375 0.976486509375 0.9474027359375 0.990789290625 0.9481905578125 1 0.9758651890625 1
10 0.8417400984375 0.8524651765625 0.8337311171875001 0.8435311796875 0.8287708828125 0.863604071875 0.8310937375 0.8857045593749999 0.8366266296875 0.8935022640625 0.8419202437500001 0.8915493421875 0.8446436671875001 0.8800907859375 0.8417400984375 0.8524651765625
10 0.8208532609375 0.735954634375 0.8183852265624999 0.7124728671875 0.8080964140625 0.69679579375 0.802657621875 0.6973674328125 0.7971166734375 0.711915203125 0.7951191421875 0.7302801640625 0.8018645390625 0.742140046875 0.81409980625 0.746440225 0.8208532609375 0.735954634375
10 0.588259603125 0.8623485796875 0.5828638328125 0.8782776312499999 0.596166428125 0.8852587062499999 0.6001023562500001 0.8778623265625001 0.59850539375 0.86266824375 0.594961978125 0.858851053125 0.588259603125 0.8623485796875