10 0.3115726515625 0.4 0.3170665890625 0.3882487296875 0.33988755312499996 0.3718204703125 0.35207029218749997 0.3468844140625 0.3553563234375 0.323503084375 0.349745646875 0.30167648125 0.320345675 0.280714125 0.31087000468750003 0.29761540468750003 0.3037162015625 0.32606330781250004 0.2971413609375 0.33916465625000003 0.2934687375 0.3652967296875 0.2959843625 0.38107820000000003 0.3053502671875 0.4 0.3115726515625 0.4
10 0.7421875 0.0625 0.01875 0.0421875
10 0.80390625 0.221875 0.021875 0.0265625
10 0.85703125 0.10078125 0.0109375 0.0203125
10 0.38607766875 0.880453625 0.393231009375 0.8463955046875 0.3849128 0.8269934578125 0.371373746875 0.8222855921875001 0.3642185546875 0.833902840625 0.3533907390625 0.8716521609375001 0.3640298890625 0.8913803953125001 0.38607766875 0.880453625
10 0.2887377140625 0.5570127859375 0.2995678453125 0.54731455625 0.296278109375 0.5258141390625 0.289121528125 0.5206007328125001 0.2806123375 0.53062515 0.27771243437500004 0.545645515625 0.2819681875 0.5546588531250001 0.2887377140625 0.5570127859375
10 0.594993165625 0.8214548703125001 0.6011800265625 0.7942736109374999 0.6000188609375 0.785695190625 0.5851253468750001 0.7737842765625 0.5741014578125 0.7792476609375 0.5688801515625 0.788331621875 0.5702364640625001 0.8179755437499999 0.594993165625 0.8214548703125001
10 0.054251353125 0.6969708125 0.0416783171875 0.679775865625 0.0246604 0.7054349203125 0.030076854687499998 0.717416459375 0.0389740265625 0.7214719515625 0.048450621875 0.7157911078125 0.054251353125 0.6969708125
10 0.8390625 0.85234375 0.0375 0.078125
10 0.7484375 0.6796875 0.025 0.0640625
10 0.75625 0.52890625 0.021875 0.05625