10 0.35703125 0.2984375 0.0265625 0.0375
10 0.325 0.04140625 0.0140625 0.021875
10 0.23671875 0.06171875 0.0234375 0.0421875
10 0.19453125 0.21328125 0.0265625 0.046875
10 0.13203125 0.3296875 0.0203125 0.025
10 0.240625 0.37421875 0.015625 0.0265625
10 0.0890625 0.16484375 0.0234375 0.0375
10 0.1379019265625 0.9843818375 0.13475130156249998 0.9659634968749999 0.13338621875 0.9519168812500001 0.12651217343750001 0.958164059375 0.11842537500000001 0.9732518125 0.1167350828125 0.9886156187499999 0.12776643125 0.9987608781249999 0.1359602921875 0.992329115625 0.1379019265625 0.9843818375
10 0.514973140625 0.987481915625 0.5240286937499999 0.98990834375 0.5299229796875 0.9799846453125 0.532727371875 0.9634814765625 0.5315418953125 0.9588501781250001 0.5179585640625 0.9552105359375 0.5127832203125 0.9624511078125 0.5099788281250001 0.9789542765625001 0.514973140625 0.987481915625
10 0.2706262890625 0.812730221875 0.2653081953125 0.8084294765625 0.2507535125 0.8174705140625 0.25053679375 0.8303533953125001 0.26185623593749996 0.8333864312499999 0.26854083906250004 0.8265502625 0.2706262890625 0.812730221875
10 0.825 0.7765625 0.075 0.1359375