10 0.14296875 0.3984375 0.0203125 0.021875
10 0.0375 0.17109375 0.009375 0.0203125
10 0.761309640625 0.18096182968750002 0.7510141640625 0.17715215 0.7397387953125 0.19005351406249998 0.74183353125 0.20526745468750002 0.7569105953124999 0.21168962812499997 0.7675506046875 0.202979659375 0.761309640625 0.18096182968750002
10 0.6022083703125001 10 0.6022189796874999 0.012800462500000002 0.604803659375 0.0196588828125 0.6127083437499999 0.022162315625 0.6216413890625 0.009342746875 0.6213151328125 10 0.6022083703125001 0
10 0.12928561249999998 0.5981480546875 0.12285076406249999 0.5705780546875 0.1228127515625 0.5247181125 0.1173525625 0.50267301875 0.116140775 0.467971946875 0.10477369375000001 0.455861275 0.073300371875 0.4500116703125 0.06456121406250001 0.46838341093749997 0.06557911562499999 0.49753230937500004 0.06103465625 0.5240959796875 0.061077896875 0.547719971875 0.0536526984375 0.58133291875 0.066086153125 0.62398053125 0.0846740875 0.6413979890625 0.0965363421875 0.6229171875 0.121133340625 0.6109403578125 0.127966421875 0.6051427984375 0.12928561249999998 0.5981480546875
10 0.6140625 0.65 0.0296875 0.0828125
10 0.67265625 0.9828125 0.0328125 0.034375
10 0.884375 0.8625 0.046875 0.13125
10 0.67421875 0.45625 0.0234375 0.0671875
10 0.81484375 0.43125 0.0296875 0.04375
10 0.8294888125 0.574825734375 0.8176802578125001 0.5724586265625 0.8096249296875 0.588027015625 0.8104489453125 0.6116237437500001 0.8138143984375 0.6184548953125001 0.8201090640625001 0.6196248171875001 0.8273836171875001 0.60408369375 0.8294888125 0.574825734375