10 0.534375 0.565625 0.046875 0.046875
10 0.453125 0.378125 0.0390625 0.078125
10 0.29296875 0.4390625 0.0484375 0.0796875
10 0.315625 0.23984375 0.0265625 0.0640625
10 0.27734375 0.090625 0.025 0.0578125
10 0.0703125 0.25234375 0.0234375 0.034375
10 0.12109375 0.16484375 0.0234375 0.0390625
10 0.24375 0.57578125 0.028125 0.0265625
10 0.65546875 0.23359375 0.021875 0.021875
10 0.42859141875000006 1 0.42290124375 0.9379120437499999 0.4237962234375 0.9024963671874999 0.4183408234375 0.8625591734375 0.40837277343749995 0.8375208296875 0.37835496874999996 0.8202487421875 0.366044871875 0.8224193453125 0.3435035859375 0.8475487015625 0.33740632812500004 0.86695790625 0.320537734375 0.888266384375 0.3141534515625 0.910546828125 0.31649910000000003 1 0.42859141875000006 1
10 0.9998017109375 1 0.9991061421874999 0.9914374796875001 0.9846135 0.9587350546875001 0.975070015625 0.9181083859375001 0.9684784578125001 0.9122190828125 0.9577071234375 0.914118359375 0.9504039750000001 0.9266886187499999 0.9492558750000001 0.938173578125 0.957658540625 1 0.9998017109375 1
10 0.6640625 0.79375 0.0390625 0.0828125
10 0.71015625 0.60546875 0.0328125 0.0328125
10 0.61640625 0.9703125 0.0140625 0.04375