10 0.3985330421875 0.41875 0.3981483828125 0.41642790312500005 0.385777871875 0.40233532343749995 0.3669372734375 0.36552198593749996 0.35195662968749997 0.350648778125 0.3425241046875 0.35156916250000003 0.3282607515625 0.40093046718750003 0.33200046250000004 0.41875 0.3985330421875 0.41875
10 0.0109375 0.70390625 0.021875 0.0859375
10 0.31953125 0.84609375 0.071875 0.1359375
10 0.19765625 0.603125 0.0390625 0.0578125
10 0.0265625 0.49296875 0.0359375 0.0703125
10 0.1515625 0.44453125 0.04375 0.0515625
10 0.6945708296875 0.8511132796875 0.6845523375 0.8464541296875 0.681770128125 0.8514420375 0.6831920265625 0.8668330046874999 0.692030434375 0.8732177875 0.69793085625 0.8645896078125 0.6945708296875 0.8511132796875
10 0.8790380015625001 1 0.8752931265624999 0.984980128125 0.8682289203125 0.9695645374999999 0.8552642921875 0.962777128125 0.8528878234375 0.9919978046875 0.8540353265625 1 0.8790380015625001 1
10 0.714782590625 0.4510053625 0.714032696875 0.43830966250000003 0.7087345421875 0.4267479703125 0.6952618359375 0.4243814625 0.6920494343750001 0.4437907046875 0.694401453125 0.453224134375 0.7024818171874999 0.459797921875 0.714782590625 0.4510053625
10 1 0.8264805421875 0.9925353765625001 0.8254902390625001 0.9883149671875 0.8408565843750001 0.992855078125 0.852607278125 0.9990833515624999 0.8582114328125 1 0.8578896109375 1 0.8264805421875
10 0.8890266468749999 0.5750361546875 0.8762259453125001 0.5753649125 0.8699813703124999 0.5955301625 0.8757015656250001 0.60555521875 0.8865641390625001 0.6071411 0.896762859375 0.5931470109375 0.8890266468749999 0.5750361546875