10 0.62578125 0.37734375 0.0421875 0.05
10 0.58515625 0.5453125 0.0203125 0.0375
10 0.4234375 0.26015625 0.025 0.0359375
10 0.3734375 0.1234375 0.0203125 0.0484375
10 0.18828125 0.01875 0.0171875 0.0375
10 0.21171875 0.128125 0.021875 0.0359375
10 0.59765625 0.08828125 0.01875 0.034375
10 0.88671875 0.403125 0.0203125 0.053125
10 0.8140625 0.2546875 0.0234375 0.05
10 0.79921875 0.1734375 0.0390625 0.0875
10 0.50390625 0.92578125 0.025 0.0359375
10 0.528125 0.7140625 0.01875 0.053125
10 0.61015625 0.7640625 0.0125 0.021875