10 0.22265625 0.41328125 0.0234375 0.034375
10 0.090625 0.17109375 0.0265625 0.05
10 0.29765625 0.109375 0.021875 0.0328125
10 0.0640625 0.06953125 0.0171875 0.034375
10 0.02734375 0.43828125 0.0140625 0.0203125
10 0.04765625 0.009375 0.0234375 0.01875
10 0.68764575 0.29542423906250004 0.6876414750000001 0.284285696875 0.6789675 0.273933190625 0.6702977999999999 0.2747192265625 0.6627023734374999 0.2825417859375 0.6609541875 0.29634234375 0.6689456984375 0.305254846875 0.6816090171875 0.3033557921875 0.68764575 0.29542423906250004
10 0.28671875 0.69375 0.034375 0.0578125
10 0.97109375 0.82578125 0.028125 0.05
10 0.8421875 0.9640625 0.0171875 0.0375
10 0.728125 0.684375 0.0234375 0.034375
10 0.54140625 0.703125 0.0140625 0.0203125