10 0.4640625 0.459375 0.01875 0.034375
10 0.28671875 0.44609375 0.025 0.0640625
10 0.125 0.55546875 0.025 0.0609375
10 0.22890625 0.21015625 0.021875 0.078125
10 0.06484375 0.27890625 0.0203125 0.0515625
10 0.11015625 0.06953125 0.0203125 0.0609375
10 0.003125 0.4046875 0.00625 0.028125
10 0.91484375 0.4234375 0.0390625 0.0765625
10 0.96015625 0.2125 0.0203125 0.0625
10 0.9390625 0.06328125 0.0171875 0.05625
10 0.71640625 0.19921875 0.0203125 0.0328125
10 0.77421875 0.11875 0.0203125 0.0375
10 0.846875 0.5515625 0.025 0.0375
10 0.82734375 0.08203125 0.0375 0.084375
10 0.190571234375 0.7988049046875 0.1787231671875 0.7966442468749999 0.170940771875 0.812350846875 0.17217648125 0.8359296 0.1756606421875 0.842700978125 0.18197476562499998 0.8437608640625 0.1889769828125 0.8280951484375001 0.190571234375 0.7988049046875
10 0.791936828125 0.7252021890625 0.7997386203125 0.724793315625 0.8033487625 0.7190409343749999 0.8021857406249999 0.6968491671875 0.7948539734375 0.6763714843749999 0.7832966625 0.6797587671875001 0.778344228125 0.689753878125 0.77809226875 0.714801390625 0.7806508734375 0.7188396859374999 0.791936828125 0.7252021890625
10 0.6432909234374999 0.799750546875 0.642491346875 0.7844937062499999 0.634035353125 0.7724197109375 0.6214071062500001 0.770299940625 0.616745428125 0.7858429921875001 0.6171282703125 0.8080756484375 0.6234617921875 0.8244332609375 0.6376310000000001 0.8111735296875 0.6432909234374999 0.799750546875
10 0.770207484375 1 0.7682070109375 0.9740073125 0.7602404421875001 0.9563444875 0.7461439234375 0.9709912046875001 0.74140955625 0.985147271875 0.7433898171875001 1 0.770207484375 1