10 0.9359375 0.18203125 0.03125 0.06875
10 0.8546875 0.253125 0.0296875 0.096875
10 0.67578125 0.42578125 0.0234375 0.034375
10 0.7859375 0.17421875 0.0234375 0.0453125
10 0.9734375 0.48203125 0.040625 0.0546875
10 0.2796875 0.56953125 0.0296875 0.0484375
10 0.21796875 0.81796875 0.0328125 0.05625
10 0.47734375 0.72734375 0.03125 0.071875
10 0.4015625 0.9765625 0.025 0.0421875
10 0.54375 0.51484375 0.015625 0.0109375
10 0.75546875 0.8828125 0.025 0.046875
10 0.89453125 0.9296875 0.0328125 0.0921875
10 0.8265625 0.98203125 0.03125 0.0359375
10 0.77421875 0.9515625 0.0265625 0.05625
10 0.87890625 0.546875 0.0640625 0.075