10 0.28828125 0.28828125 0.0265625 0.0484375
10 0.115625 0.29609375 0.028125 0.053125
10 0.21328125 0.10625 0.028125 0.0625
10 0.9202890359375001 0.004298371875 0.908808771875 0.01321750625 0.9034419312499999 0.0234360875 0.88392554375 0.10022305000000001 0.8932647265625 0.1164073296875 0.9100766390625001 0.11998081093749999 0.9247157343750001 0.1074733546875 0.9297092859374999 0.09149575625 0.9285224859374999 0.0557455578125 0.9348929390624999 0.014502115625 0.9309875250000001 0.0065724046875 0.9202890359375001 0.004298371875
10 0.6671875 0.153125 0.0296875 0.0703125
10 0.31484375 0.43359375 0.01875 0.034375
10 0.1484375 0.38515625 0.01875 0.0109375
10 0.209375 0.52734375 0.0265625 0.0515625
10 0.09921875 0.48828125 0.021875 0.028125
10 0.3546875 0.86171875 0.0265625 0.0390625
10 0.7576872515625 0.6057182609374999 0.7599128562499999 0.5877323999999999 0.755940515625 0.5613295375 0.7627863796875 0.521607065625 0.7732488921874999 0.4911728375 0.7990125578124999 0.45263163281249996 0.8024777531249999 0.43632917187500003 0.8019178171875 0.42769065 0.790743915625 0.42389564531249996 0.7712485828125001 0.42543145468750004 0.7452313453125 0.4426199984375 0.7260565140624999 0.4839816234375 0.699275096875 0.5010077374999999 0.68874565625 0.5129688109374999 0.6706731015624999 0.5829630796874999 0.6808433890625001 0.61778294375 0.704719546875 0.6256978125 0.72584535625 0.62024881875 0.7426924609375 0.6011111031249999 0.7576872515625 0.6057182609374999