10 0.777878328125 0.23182764374999998 0.769673090625 0.2285004328125 0.764081065625 0.2500362671875 0.7664039203125 0.27213675312499996 0.7730041390625 0.28261535625 0.7793650796875 0.283343334375 0.7862637109375 0.2742390234375 0.777878328125 0.23182764374999998
10 0.7170678796875001 0.391528059375 0.7153257375 0.37495269531250003 0.71013428125 0.36292948593749996 0.698872240625 0.35294085937499997 0.6897878765625001 0.3636714390625 0.6913337609375001 0.3858535875 0.69851469375 0.40185731406249997 0.714489634375 0.4043678984375 0.7170678796875001 0.391528059375
10 0.6042990625 0.2578301125 0.5981935140625 0.2221618109375 0.5901845328124999 0.2132278140625 0.5798876625 0.219896215625 0.5772583390625 0.23972411875000002 0.57900048125 0.256299484375 0.587154640625 0.2666147609375 0.5952146984375 0.26856069374999997 0.6042990625 0.2578301125
10 0.582227234375 0.3717179265625 0.5906798078125 0.362450290625 0.5816035 0.35083539531249996 0.5761136296875 0.35839509999999997 0.5779068484375001 0.3679824 0.582227234375 0.3717179265625
10 0.565808590625 0.11834242187499999 0.5733820359374999 0.12313257656250001 0.5776594 0.11151069375 0.5801005234375001 0.0749441 0.562297396875 0.02514333125 0.558899159375 0.0227074203125 0.5574393203125 0.031240092187500002 0.5540249703125 0.0734951328125 0.5559122890625 0.09145177812500001 0.565808590625 0.11834242187499999
10 0.637306103125 10 0.6368435171875 0.0019462859374999998 0.6384404796875 0.0171403703125 0.64722643125 0.0259927046875 0.6564048953125 0.023631468750000002 0.6611177953125 0.016153428125 0.65742616875 10 0.637306103125 0
10 0.10700056875 1 0.10671921718749999 0.9885348953124999 0.10080186718749999 0.9696052828124999 0.08405801406249999 0.9448308859375001 0.0705591625 0.94345659375 0.06438642343749999 0.9594673078125 0.0528770484375 0.96207353125 0.042195721874999995 0.957610028125 0.029917431249999998 0.9379524374999999 0.0284065140625 0.9534731734375 0.016061034374999998 0.9854946015625 0.0184154609375 1 0.10700056875 1
10 0.9428613671875 0.9125109328125 0.958110415625 0.908115115625 0.9603472249999999 0.8995007812499999 0.9559918734374999 0.8580623687500001 0.9517225640625 0.8473387765625 0.9446357328125 0.8397043984374999 0.9376429999999999 0.8404393640624999 0.9318627734374999 0.8452365093750001 0.9286527359375001 0.859539290625 0.9320859406250002 0.8996780843749999 0.9428613671875 0.9125109328125
10 0.8261942125000001 0.7218094374999999 0.81818523125 0.712875440625 0.8132249968749999 0.7329483328124999 0.8155478515624999 0.7550488203125 0.82108074375 0.7628465249999999 0.82637435625 0.760893603125 0.8290977796875 0.749435046875 0.8261942125000001 0.7218094374999999
10 0.8021032609375001 0.604704634375 0.7996352265625 0.5812228671875 0.7893464140625 0.5655457937499999 0.783907621875 0.5661174328125 0.7783666734375 0.5806652031249999 0.7763691421875001 0.5990301640625 0.7831145390625001 0.610890046875 0.79534980625 0.615190225 0.8021032609375001 0.604704634375
10 0.569509603125 0.7310985796875 0.5641138328124999 0.7470276312499999 0.577416428125 0.7540087062499999 0.58135235625 0.7466123265625 0.57975539375 0.73141824375 0.576211978125 0.727601053125 0.569509603125 0.7310985796875
10 0.7960059375 0.9502906890624999 0.7920780640625 0.9353415953125002 0.78591338125 0.92900683125 0.7778022437500001 0.934048965625 0.7719709390625 0.9458341734375001 0.7717236046875 0.9584290234375 0.7789045375000001 0.9744327484374999 0.789346584375 0.9691456265625 0.7960059375 0.9502906890624999