10 0.21953125 0.4546875 0.04375 0.0828125
10 0.13511373124999998 0.25809650781250004 0.15001899531250001 0.252647678125 0.1516494515625 0.243898296875 0.1444141109375 0.202864640625 0.13940716250000001 0.1924649828125 0.131805046875 0.185343553125 0.12488061718750001 0.1865645171875 0.11944910156249999 0.191753184375 0.117244596875 0.20624504531249999 0.123469378125 0.246046575 0.13511373124999998 0.25809650781250004
10 10 0.11340261874999999 0.0031896968749999997 0.11729166093750001 0.008334185937499999 0.11497423437500001 0.0102516671875 0.1033536125 0.00542810625 0.07599784062500001 10 0.07073304375 10 0.11340261874999999
10 0.40873981875 0.4481920375 0.40536332656249996 0.4290429984375 0.3970835234375 0.4135791734375 0.3891026875 0.4178070390625 0.38636997812499996 0.43380235312500004 0.38955114062499996 0.44734457499999997 0.397394434375 0.45583379375 0.40557060156249997 0.4572127453125 0.40873981875 0.4481920375
10 0.6567607843750001 0.09930095781250001 0.6483434390625 0.09655422031250001 0.6442673 0.1184276734375 0.6481261484375 0.140312290625 0.6554412390625 0.1503049609375 0.6618374656249999 0.1505874484375 0.6680842078125 0.14102409062500001 0.6567607843750001 0.09930095781250001
10 0.60269733125 0.2620880046875 0.5998031953125 0.2456745421875 0.5937856874999999 0.234042759375 0.5818543093749999 0.2248640640625 0.5735406015625 0.2362021984375 0.5766300703125 0.258222478125 0.5849098734375 0.273686303125 0.601021028125 0.2750764140625 0.60269733125 0.2620880046875
10 0.4837596046875 0.1329397671875 0.47518083281249995 0.097784253125 0.46656815781249994 0.0894306953125 0.456761534375 0.096801128125 0.45552174062499995 0.1167641421875 0.45841587656250005 0.13317760625 0.46726973125000004 0.14289895 0.475445896875 0.1442779015625 0.4837596046875 0.1329397671875
10 0.8570721328124999 0.4859781734375 0.8527428703125001 0.483920909375 0.84770201875 0.5003232109375 0.8500679515625 0.5182401234375 0.8566595093749999 0.524129428125 0.8635839390625 0.5229084640624999 0.8652602421874999 0.5099200546875 0.8570721328124999 0.4859781734375
10 0.46556638437500003 0.22672126874999998 0.457872575 0.22807789375 0.45364695 0.24010550312499998 0.4558175515625 0.2524156 0.467025396875 0.2574909296875 0.48048359375 0.24383536874999998 0.4752354671875 0.2320679234375 0.46556638437500003 0.22672126874999998
10 10 0.9175742625 0.0197630265625 0.9113765515625 0.028214275 0.8873213328125 0.0454735296875 0.8772264859375 0.041281809375 0.8624521390625001 0.01066606875 0.8057966703125 10 0.7752507390625001 10 0.9175742625
10 0.5484251203125 1 0.5498871875 0.9958384437500001 0.538380375 0.9710714249999999 0.5344756796875 0.9534258375 0.520419546875 0.9276980171875 0.5062258734375 0.9146872828125 0.495500384375 0.91234753125 0.47046756875 0.9548399906250001 0.47037587500000005 0.963318046875 0.47751080625000003 1 0.5484251203125 1