10 0.2727416453125 0.15961787031250002 0.27636793593750003 0.151556696875 0.27418799374999997 0.13635473125 0.2656855890625 0.1313175796875 0.26256737812500003 0.134957853125 0.2569332203125 0.122048528125 0.2513769515625 0.1191396375 0.2522128828125 0.1289510703125 0.24842266406250002 0.12989607812499998 0.24413251875 0.1223772859375 0.237474053125 0.13119446562499998 0.2408340796875 0.1446707953125 0.2436162890625 0.139682890625 0.249422521875 0.1468236796875 0.2550648296875 0.146848303125 0.25564264531249997 0.1653125375 0.2606989859375 0.159757628125 0.2727416453125 0.15961787031250002
10 0.42782993593749996 0.3456810453125 0.442560615625 0.356322353125 0.45056309062500005 0.352895703125 0.453525528125 0.329254559375 0.43940526718750006 0.285538678125 0.43183298125 0.274543990625 0.41405382812499997 0.29042809531249997 0.416561621875 0.3198623953125 0.42782993593749996 0.3456810453125
10 0.72109375 0.28984375 0.03125 0.0640625
10 0.671875 0.14765625 0.028125 0.0578125
10 0.834375 0.24453125 0.0234375 0.04375
10 0.35855149375 0.9870690781250001 0.371524271875 0.9809717859374999 0.3727985453125 0.9634771796875 0.3673364640625 0.9447993203125 0.35782605156249997 0.9357192703125001 0.34468934687499997 0.93470039375 0.3389528515625 0.9504447421875 0.3409607171875 0.9714152421875 0.35855149375 0.9870690781250001
10 0.2068032359375 0.8190125546874999 0.2138837421875 0.8086587375000001 0.21195376562499998 0.7976886734375 0.20261542968750001 0.7828400890625 0.192260934375 0.77683330625 0.180554278125 0.7783206953125 0.18525016562500002 0.8100722609375002 0.19139240156249998 0.8185606828124999 0.2068032359375 0.8190125546874999
10 0.34483120624999997 0.6892307703125 0.34635544375 0.675968065625 0.3390412734375 0.656320575 0.3248105234375 0.6541430687500001 0.315369846875 0.6679481562499999 0.3167057078125 0.6862233890625 0.332616471875 0.6951390609375 0.34483120624999997 0.6892307703125
10 0.0547136328125 0.6203776984375 0.052619728125 0.602291465625 0.0404212953125 0.5824303515625 0.025432500000000004 0.580441846875 0.021970134375 0.5956191890625 0.027510103125 0.624297484375 0.0386226421875 0.6301152640625001 0.0547136328125 0.6203776984375
10 0.66015625 0.50546875 0.046875 0.0859375
10 0.61484375 0.6875 0.04375 0.05625
10 0.7953125 0.83359375 0.0484375 0.0859375
10 0.965625 0.65859375 0.06875 0.1359375
10 0.84765625 0.409375 0.0390625 0.0578125