10 0.19765625 0.39609375 0.03125 0.059375
10 0.2234375 0.0859375 0.0234375 0.090625
10 0.07578125 0.04609375 0.0171875 0.034375
10 0.125 0.140625 0.0265625 0.0828125
10 0.42699683281249995 0.425416234375 0.41705317031250005 0.43602146875000003 0.4133509421875 0.4469538046875 0.41482557968750006 0.5198160203125 0.4178429421875 0.5403724796875 0.4350068875 0.541272003125 0.4475091546875 0.526628475 0.4499417796875 0.510066425 0.4431770281249999 0.474942025 0.4430171546875 0.43320980000000003 0.43791934374999997 0.425988659375 0.42699683281249995 0.425416234375
10 0.54609375 0.1546875 0.0359375 0.0859375
10 0.71875 0.48984375 0.0390625 0.065625
10 0.157108928125 0.8760632203125001 0.147165265625 0.8866684546875 0.1434630375 0.8976007906250001 0.1449376765625 0.9704630062499999 0.1479550375 0.9910194656249999 0.16511898281249998 0.9919189890624999 0.17762125 0.9772754609375 0.180053875 0.9607134109375 0.1732891234375 0.9255890109375 0.17312924999999998 0.8838567859375001 0.1680314390625 0.8766356453124999 0.157108928125 0.8760632203125001
10 0.28203125 0.62265625 0.0359375 0.0265625
10 0.046875 0.67421875 0.028125 0.0765625
10 0.43203125 0.9703125 0.0515625 0.059375
10 0.5808847234375 0.6801268015625 0.586496325 0.61505353125 0.563082175 0.6240256109375 0.558265940625 0.6562250859375001 0.5578427875 0.6719652500000001 0.5556282296875 0.68436634375 0.56021721875 0.7012963828125 0.571357796875 0.69770785 0.5808847234375 0.6801268015625
10 0.76385916875 1 0.7635094890625 0.991500259375 0.753895378125 0.965962096875 0.750701971875 0.96718553125 0.740510625 1 0.76385916875 1