10 0.240625 0.48203125 0.046875 0.0609375
10 0.409375 0.1734375 0.040625 0.0515625
10 0.4828125 0.52109375 0.0375 0.0546875
10 0.3671875 0.3234375 0.0296875 0.04375
10 0.6046875 0.39921875 0.0203125 0.03125
10 0.81484375 0.37421875 0.05 0.0890625
10 0.875 0.07578125 0.0390625 0.0921875
10 0.775 0.11484375 0.040625 0.084375
10 0.31640625 0.73203125 0.05 0.0890625
10 0.06796875 0.76875 0.040625 0.078125
10 0.9039856000000001 0.776750546875 0.9010373484375 0.7860478453125 0.9022076625000001 0.7948705687500001 0.9140748562500001 0.79903575 0.925123875 0.7859069703125 0.9245840640624999 0.7506219265625 0.9039856000000001 0.776750546875
10 1 0.7834442968750001 0.994149825 0.786638359375 0.9898551906249999 0.79134855625 0.9881169609375 0.8023506328125001 0.996547403125 0.8214020203124999 1 0.82073325 1 0.7834442968750001