10 0.22206165000000003 10 0.22211486093750002 0.014511915625 0.22650344687500001 0.02825601875 0.24045520781250002 0.047225109375000004 0.25704535 0.052204709375000005 0.28749553906249997 0.051141365625000004 0.3074563640625 0.0407161703125 0.36220749375 0.041583690625 0.39617378125 0.029279678125000003 0.4057906578125 0.0136567578125 0.4058374578125 10 0.22206165000000003 0
10 0.072477490625 10 0.0724291078125 0.0025989890625000003 0.0750465703125 0.0775533 0.08133600468749999 0.100959171875 0.09557859375 0.1282565171875 0.1111940765625 0.1277112125 0.1352578875 0.10046591406250001 0.1586326390625 0.0982599140625 0.1814689734375 0.10302139218749999 0.187375865625 0.09308697031249999 0.190751778125 0.0554462234375 0.20037388437499998 0.0175873546875 0.2016393453125 10 0.072477490625 0
10 0.86171875 0.1703125 0.0234375 0.0640625
10 0.6984375 0.2765625 0.025 0.059375
10 0.6421875 0.01171875 0.01875 0.0234375
10 0.57421875 0.12421875 0.0171875 0.028125
10 0.54453125 0.3515625 0.0109375 0.034375
10 0.02109375 0.60390625 0.0265625 0.0546875
10 0.6331892328125 0.819020534375 0.624207715625 0.830452059375 0.6214723921875 0.8416654625 0.6211121734375 0.920892965625 0.6340892734375 0.93433715 0.651266303125 0.9337373140625 0.662444728125 0.918059865625 0.6634246171875 0.9013488203125 0.6536243140625 0.8669476671874999 0.649827846875 0.825388178125 0.6441200703125001 0.818638821875 0.6331892328125 0.819020534375
10 0.7390625 0.52421875 0.028125 0.0796875
10 0.9328125 0.83203125 0.034375 0.071875
10 0.50625 0.65546875 0.0125 0.0421875