10 0.21796875 0.2109375 0.03125 0.0671875
10 0.38203125 0.01328125 0.0296875 0.0265625
10 0.1015625 0.1296875 0.0203125 0.0375
10 0.1015625 0.1953125 0.0234375 0.0421875
10 0.03984375 0.3890625 0.0265625 0.0671875
10 0.1421875 0.25546875 0.028125 0.0734375
10 0.33203125 0.52890625 0.0390625 0.06875
10 0.18515625 0.51328125 0.0296875 0.0453125
10 0.48046875 0.69375 0.0234375 0.05
10 0.4578125 0.8484375 0.03125 0.0375
10 0.9078125 0.86015625 0.040625 0.0640625
10 0.6125 0.68828125 0.01875 0.0390625