10 0.2515625 0.11171875 0.0296875 0.0421875
10 0.44140625 0.43359375 0.0328125 0.0328125
10 0.25625 0.2890625 0.0265625 0.040625
10 0.53203125 0.2609375 0.0171875 0.0296875
10 0.14609375 0.00546875 0.0265625 0.0109375
10 0.7140625 0.39375 0.0234375 0.0375
10 0.715625 0.44375 0.025 0.0125
10 0.91875 0.1 0.1109375 0.159375
10 0.06875 0.77578125 0.0234375 0.0453125
10 0.203125 0.8234375 0.028125 0.090625
10 0.1328125 0.89296875 0.028125 0.0640625
10 0.91640625 0.81015625 0.040625 0.1
10 0.6015625 0.7859375 0.0234375 0.0453125
10 0.87734375 0.5203125 0.028125 0.090625
10 0.6921875 0.9421875 0.03125 0.0765625
10 0.79609375 0.60078125 0.03125 0.0828125