10 0.08125 0.1171875 0.040625 0.059375
10 0.5984375 0.33125 0.0375 0.0625
10 0.55859375 0.03671875 0.0328125 0.0734375
10 0.40546875 0.01015625 0.0203125 0.0203125
10 0.47890625 0.09765625 0.034375 0.084375
10 0.07265625 0.68125 0.0375 0.0375
10 0.38359375 0.8734375 0.0109375 0.0625
10 0.29921875 0.52265625 0.0328125 0.0265625
10 0.6398061015625001 1 0.6313832125 0.9611066656249999 0.624895440625 0.9551032187499999 0.6140926 0.9568142203125 0.6065711828125 0.9692551078125 0.6052228171875 0.9807182812499999 0.609730903125 1 0.6398061015625001 1
10 0.67421875 0.6671875 0.04375 0.0875
10 0.9125 0.95859375 0.0453125 0.06875
10 0.4578125 0.7953125 0.0359375 0.078125