10 0.05859375 0.32890625 0.034375 0.084375
10 0.14296875 0.65234375 0.0359375 0.0328125
10 0.353125 0.51875 0.053125 0.1328125
10 0.27109375 0.26015625 0.03125 0.0546875
10 0.11953125 0.12421875 0.0265625 0.06875
10 0.02578125 0.0265625 0.0203125 0.053125
10 0.253125 0.084375 0.0328125 0.0734375
10 0.1875 0.44921875 0.0515625 0.11875
10 0.66015625 0.37421875 0.021875 0.0375
10 0.28515625 0.86640625 0.0375 0.08125
10 0.07030460625 0.6988240125 0.066638228125 0.6838086437500001 0.060585040624999996 0.6773672578125 0.052387140624999995 0.6822670640624999 0.04635104375 0.6939487078125 0.0458839375 0.7065373218750001 0.052784471875 0.722663934375 0.063317203125 0.7175598578125 0.07030460625 0.6988240125
10 10 0.836781078125 0.0016008749999999999 0.8368185312499999 0.0080521 0.8209179859375 10 0.8102345765625 10 0.836781078125
10 0.13744989999999999 1 0.13949866875 0.99670465625 0.1428367859375 0.9810764734375 0.13681848593749998 0.9481423453125 0.1237437125 0.92419074375 0.120751653125 0.9258467093749999 0.1136083125 0.9696916921875001 0.1136254046875 0.9878147203125 0.12044327343750001 1 0.13744989999999999 1
10 0.9132475296875 0.66875 0.9175698671875001 0.7098256859375 0.9279466609375 0.729830746875 0.9398109375000001 0.7399463125000001 0.9596829921874999 0.73402515 0.9853490468749999 0.7136551359375 0.9892924109375001 0.704944971875 0.9799879734375001 0.6792693140625 0.9786072640625001 0.66875 0.9132475296875 0.66875