10 0.25578682656249996 0.6 0.2572862 0.5857344078125 0.252325965625 0.565661515625 0.2364451265625 0.5598027546875 0.22858132343749998 0.5673554703125 0.2246189078125 0.6 0.25578682656249996 0.6
10 0.116786396875 0.39779641093749996 0.1103233015625 0.384548259375 0.10114483593750001 0.382187025 0.095270509375 0.3857592265625 0.088379934375 0.39900039062500003 0.08862726875 0.4115952390625 0.10436292968750001 0.41883528124999997 0.1111594046875 0.41396346250000005 0.116786396875 0.39779641093749996
10 0.03605416875 0.18681291875 0.0500315765625 0.16593737343749998 0.0545831859375 0.13010574531250002 0.047437218749999996 0.10840658593750001 0.046507014062500004 0.087360728125 0.032572628125 0.0928788609375 0.012866071875000001 0.1159453265625 0.011465365625 0.13674619375 0.0239130015625 0.1827437515625 0.03605416875 0.18681291875
10 0.3949092625 0.6 0.3955358234375 0.59328233125 0.39989923125 0.57418939375 0.40882230625 0.5416103031249999 0.42910152031250004 0.49067324375 0.43229544531249997 0.4602850734375 0.42719003281249995 0.4415934640625 0.40712592968749994 0.41574347187500005 0.3766278328125 0.4069518375 0.36410220937500004 0.4140145765625 0.34826165 0.519883190625 0.35521135937500004 0.535975565625 0.3454602375 0.561484928125 0.341412140625 0.6 0.3949092625 0.6
10 0.5890625 0.15791041249999999 0.5754785640625 0.1443544171875 0.5366300515625 0.1402712734375 0.5172568734375 0.14521776718749999 0.51405489375 0.1532604609375 0.5202437453125001 0.21396212499999998 0.5142914296875001 0.270594621875 0.5175525453125001 0.2918854671875 0.543345796875 0.3155445375 0.5574764390625 0.31563318906250004 0.569370271875 0.3071075046875 0.5817426609374999 0.279080571875 0.5878992890625 0.250400334375 0.5890625 0.23933312031249998 0.5890625 0.15791041249999999
10 0.8842865953124999 0.41162144375 0.8789069375 0.4403833421875 0.8828939453124999 0.4547677859375 0.8969304875 0.46322578437499995 0.9135802421874999 0.44682073281249995 0.9188147203125 0.41944011249999996 0.9134189515625 0.40351106249999996 0.9003045578125001 0.3937534484375 0.89010984375 0.401061178125 0.8842865953124999 0.41162144375
10 0.8174645843749999 0.12808339062500002 0.8203251312500001 0.1158151921875 0.8155611531249999 0.10134908437500001 0.8060412546875 0.0947623453125 0.7963331546875001 0.10491429687500001 0.7911927750000001 0.123925571875 0.801446621875 0.145951384375 0.8174645843749999 0.12808339062500002
10 0.5890625 0.8541464640624999 0.5876738890625 0.851340046875 0.5756779 0.8458895999999999 0.5649024734375 0.8587224499999999 0.559616915625 0.8791150062499999 0.5707929125 0.8998412 0.5850687328124999 0.8985485703125 0.5890625 0.8896478953125 0.5890625 0.8541464640624999
10 0.9390625 0.9703125 0.028125 0.059375
10 0.92265625 0.68828125 0.021875 0.0515625
10 0.83671875 0.809375 0.01875 0.028125