10 0.61171875 0.33359375 0.0140625 0.0359375
10 0.43984375 0.3421875 0.03125 0.065625
10 0.35390625 0.11484375 0.03125 0.0796875
10 0.1984375 0.203125 0.025 0.053125
10 0.21796875 0.01015625 0.0265625 0.0203125
10 0.1484375 0.3359375 0.0203125 0.0296875
10 0.87109375 0.2734375 0.028125 0.0703125
10 0.69375 0.09453125 0.028125 0.04375
10 0.458251140625 0.5251117421875 0.45094799218750004 0.5376820015625 0.44979989218750005 0.5491669609375001 0.460469515625 0.627673559375 0.47519139218750006 0.6391808421875 0.4921177765625 0.6361962640625001 0.5010055328125 0.61911565 0.49965015937499996 0.6024308609375 0.4851575171875 0.5697284375 0.47561403281250003 0.5291017703125 0.46902247499999994 0.523212465625 0.458251140625 0.5251117421875
10 0.27890625 0.7578125 0.028125 0.0703125
10 0.1015625 0.57890625 0.028125 0.04375