10 0.3432053609375 10 0.34392164062499997 0.005242229687500001 0.34855115937500003 0.0085869953125 0.36031961562500003 0.007714323437499999 0.363331359375 10 0.3432053609375 0
10 0.2369471375 0.0941076234375 0.227129934375 0.08045216875 0.21660211718750003 0.075424146875 0.2115832796875 0.090548553125 0.2114589734375 0.1103810953125 0.2133422015625 0.12416387656250001 0.23003332968749998 0.1322385234375 0.2399185578125 0.11758307187499999 0.2369471375 0.0941076234375
10 0.150102728125 0.3365839078125 0.15329462031250002 0.3161550875 0.144661771875 0.288120571875 0.12585054375 0.26913895625 0.11950664375 0.27744650625 0.12589508437500002 0.31440659531250004 0.13396976562500001 0.335475184375 0.1419318828125 0.33958704375000004 0.150102728125 0.3365839078125
10 0.712998096875 0.10379508281250001 0.70424094375 0.0955931125 0.7010490515625 0.116021934375 0.7052892515625 0.1378358703125 0.7114807046875 0.1451216796875 0.716583965625 0.142714821875 0.7182983468749999 0.13106250625 0.712998096875 0.10379508281250001
10 0.680253415625 0.3796875 0.68962396875 0.3738651734375 0.6946146640624999 0.3545015859375 0.699487384375 0.3134660359375 0.6797730140625 0.299376253125 0.67011026875 0.33426846875 0.6702827140625001 0.352156815625 0.671134034375 0.36472529374999996 0.679484465625 0.3796875 0.680253415625 0.3796875
10 0.13203125 0.7421875 0.040625 0.0828125
10 0.17421875 0.53984375 0.034375 0.059375
10 0.12734375 0.3890625 0.0296875 0.01875
10 0.0796875 0.9203125 0.028125 0.0453125
10 0.41875 0.54921875 0.0375 0.0859375
10 0.53125 0.89296875 0.0453125 0.0859375
10 0.7171875 0.7171875 0.065625 0.1359375
10 0.6181843515625 0.44173364687500005 0.6061508828125 0.441242946875 0.6006301625 0.45787979375 0.605135375 0.48105710312500005 0.609528021875 0.48727767968749996 0.6159282046875 0.48744849375 0.6206820296875 0.4709607171875 0.6181843515625 0.44173364687500005