10 0.4683855796875 0.04550429375 0.46782260468750003 0.0329925625 0.4609378609375 0.024537787499999998 0.4546645734375 0.0258173875 0.4466593484375 0.036790457812499996 0.4456358234375 0.05066359687500001 0.449468759375 0.054897803125 0.4611614859375 0.0564910015625 0.4683855796875 0.04550429375
10 0.40523803437500006 0.3456825046875 0.4170034796875 0.3431096703125 0.42522685937500004 0.3196385015625 0.423344015625 0.293212728125 0.41570238281250005 0.2833556390625 0.4024231546875 0.28312385 0.3952233 0.292721878125 0.3931762484375 0.32046815624999997 0.395349965625 0.3302298015625 0.40523803437500006 0.3456825046875
10 0.3146595390625 0.1182954546875 0.30789599375 0.10289729218749999 0.29864361875 0.0957902890625 0.2905899140625 0.109540715625 0.28634490625 0.128914025 0.28532138125 0.1427871640625 0.2999689546875 0.154155640625 0.31268520624999996 0.1418757 0.3146595390625 0.1182954546875
10 0.171380990625 0.35 0.17772231875 0.33337659999999997 0.1751068234375 0.3041598359375 0.160653165625 0.281681940625 0.15272065937499998 0.2884889796875 0.1512850625 0.3259696328125 0.1548028859375 0.34825664375 0.15693185781250002 0.35 0.171380990625 0.35
10 0.26875 0.66015625 0.0296875 0.075
10 0.2140625 0.4359375 0.0296875 0.0703125
10 0.0375 0.50546875 0.0296875 0.0640625
10 0.11328125 0.79921875 0.0328125 0.0671875
10 0.43828125 0.61875 0.0234375 0.0546875
10 1 0.7791214125 0.995971771875 0.772502946875 0.98354639375 0.7681187609375 0.973930428125 0.781841915625 0.9704423109375 0.8026175390624999 0.9833821859375 0.8222908109375 0.9974910234374998 0.8197588796874999 1 0.8125402734375001 1 0.7791214125
10 0.8816758234375 0.6309611875 0.8911948328125 0.6227927390625 0.8921698796875 0.61169695625 0.8869928359374999 0.594937384375 0.8803069562499999 0.5825466765625 0.86685310625 0.5848621406250001 0.863171075 0.61674718125 0.866907053125 0.626536096875 0.8816758234375 0.6309611875
10 0.7913948921875 0.40185863125 0.7940533984375 0.3838467296875 0.7874110515625 0.3615051796875 0.7734476499999999 0.3557050453125 0.7661750765625 0.3694691078125 0.7641037859375001 0.3986040625 0.773331921875 0.4070997421875 0.7913948921875 0.40185863125
10 0.5717552984375 0.7276431515625 0.5657244046875001 0.715035978125 0.550640521875 0.7286636921875 0.553474171875 0.745382359375 0.56668068125 0.7497801828125 0.5714886640625 0.7429186031249999 0.5717552984375 0.7276431515625
10 0.600472465625 1 0.607559553125 0.9929026078125001 0.61104766875 0.9721269859374999 0.6080928203125 0.96235170625 0.594934790625 0.9551765296875001 0.5868810859375 0.9689269546875 0.5851249078125 0.98000910625 0.5910346046875 0.9995596656250001 0.5920946781249999 1 0.600472465625 1
10 0.72378969375 0.808679809375 0.7318246281249999 0.840769371875 0.7372440656249999 0.8436421703124999 0.7467873140625001 0.83408504375 0.749470059375 0.814684465625 0.7443899734375 0.792370184375 0.73757795 0.7797493765625 0.731353140625 0.778251621875 0.7233236749999999 0.7906133703125 0.72378969375 0.808679809375
10 0.5929385203125 0.5716414359374999 0.5959660859375 0.5772506828124999 0.602215134375 0.5773597609375 0.610123403125 0.5719413984375 0.6157852359375 0.5609274234375 0.6175898921874999 0.54706791875 0.6069449312499999 0.5302129046874999 0.5960818156250001 0.5258559859374999 0.5896388515625001 0.5368563281250001 0.5929385203125 0.5716414359374999