10 0.23671875 0.2671875 0.0703125 0.065625
10 10 0.07701508124999999 0.007032684375000001 0.075793440625 0.018913704687499998 0.059709381250000006 0.023235371875 0.0298936015625 0.0090921859375 0.001676528125 10 0.032357571875000005 10 0.07701508124999999
10 0.2392719546875 10 0.2300038125 0.01914948125 0.21632398749999998 0.036298771875000004 0.21267009531249997 0.0469076 0.21488635937499997 0.0600723578125 0.229694259375 0.065780490625 0.23895329687500003 0.059090959374999995 0.2460804921875 0.026519121875000003 0.24422838281249998 10 0.2392719546875 0
10 0.4888940546875 0.6787278921875 0.47757120000000003 0.6878460265624999 0.4723835140625 0.6981567156249999 0.45421021718750004 0.775272590625 0.46383043281249997 0.7912914125 0.48070215000000005 0.7945709421875 0.49512073125 0.7818099046875 0.4998346734375 0.765747590625 0.49802412656249995 0.7300235484375001 0.5036738125 0.6886752062499999 0.49963060156249994 0.680814865625 0.4888940546875 0.6787278921875
10 0.24609375 0.47109375 0.040625 0.0828125
10 0.359375 0.3109375 0.034375 0.021875
10 0.23984375 0.825 0.0296875 0.0703125
10 0.134375 0.61015625 0.028125 0.0453125
10 0.49073505624999997 0.3 0.4991010046875 0.3109554921875 0.5121663812499999 0.309250490625 0.5178559500000001 0.300452240625 0.51794385625 0.3 0.49073505624999997 0.3
10 0.4765625 0.44375 0.0296875 0.0703125
10 0.74271474375 0.4872885046875 0.7443892421875 0.4663907296875 0.740109159375 0.45565457656249997 0.73347210625 0.45294957968750005 0.725244978125 0.45842480781250006 0.7194709859375 0.47994060625 0.7229841718750001 0.49052769218750003 0.7321587859375 0.4965557078125 0.74271474375 0.4872885046875