10 0.375 0.40234375 0.0234375 0.0375
10 0.315625 0.1484375 0.0125 0.021875
10 0.228125 0.17734375 0.01875 0.0421875
10 0.2015625 0.33046875 0.021875 0.046875
10 0.14921875 0.45703125 0.01875 0.0234375
10 0.2625 0.49296875 0.0140625 0.025
10 0.0890625 0.29765625 0.0203125 0.0375
10 0.071875 0.0484375 0.01875 0.021875
10 0.48359375 0.3625 0.0140625 0.021875
10 0.7375 0.34765625 0.0625 0.134375
10 0.7203125 0.07734375 0.0359375 0.05625
10 0.0094028390625 0.949952 0.0136204609375 0.9632758203125 0.023554221875 0.9704739796874999 0.0336828796875 0.9664533953125 0.0415940921875 0.9564567953124999 0.047700028125 0.9278936468750001 0.042156414062499994 0.9129536109374999 0.029136126562499996 0.9052665937500001 0.01782366875 0.9217554968750001 0.0094028390625 0.949952
10 0.22624721406249998 0.8942998750000001 0.23760441562499998 0.8975048812499999 0.246384709375 0.882021125 0.250512840625 0.8559571265624999 0.246827209375 0.8342803562500001 0.235904546875 0.8283317718750001 0.2288847859375 0.8426881671875 0.22224686249999998 0.879604265625 0.22624721406249998 0.8942998750000001
10 0.55 0.6408721546875 0.5501499125 0.6421466406249999 0.5582033187500001 0.646234578125 0.5637021875 0.64148070625 0.56720088125 0.6293790312499999 0.5637548921875 0.6161774265625 0.558570740625 0.6139501375 0.55 0.625710646875 0.55 0.6408721546875
10 0.7016581578125 0.7842641203125 0.711157378125 0.794205859375 0.7234811109375 0.7863143359375 0.729706865625 0.7619887703125 0.7259988625 0.7304650453125 0.7150761984375 0.7245164609375 0.7060562640625 0.731525053125 0.6983096171875001 0.7654531437500001 0.7016581578125 0.7842641203125
10 0.8784015703125 0.5872652781250001 0.8760116 0.602354959375 0.8806637609375001 0.6129352015625 0.89708529375 0.614129915625 0.9053335984374999 0.6069991078125 0.908787546875 0.5752035249999999 0.9041353843750001 0.564623284375 0.8958647093749998 0.5619071359375 0.8862904109375 0.5674217234375 0.8784015703125 0.5872652781250001
10 0.9634585109374999 0.824323021875 0.9735120937499999 0.8357587640624999 0.985498734375 0.8250014468749999 0.9905183187500001 0.8032972468749999 0.9885932203125 0.7804931156249999 0.9831694265625 0.7697906609375 0.9655864671875001 0.7909112203124999 0.9594581609375 0.8096274125 0.9634585109374999 0.824323021875