10 0.14609375 0.40859375 0.0328125 0.0203125
10 0.10390625 0.21875 0.0265625 0.075
10 0.1109375 0.04375 0.0125 0.040625
10 0.671875 0.22421875 0.028125 0.08125
10 0.5828125 0.39375 0.03125 0.05
10 0.94765625 0.39609375 0.0421875 0.0453125
10 0.8890625 0.17421875 0.028125 0.053125
10 0.75 0.02890625 0.021875 0.0578125
10 0.88671875 0.01640625 0.0265625 0.0328125
10 0.78984375 0.35546875 0.0421875 0.115625
10 0.36484375 0.7671875 0.04375 0.1375
10 0.0807387015625 0.5099537046875 0.0829369421875 0.44467592656250005 0.060024440624999995 0.4548611109375 0.056899996875000004 0.48726851875 0.0573012015625 0.503009259375 0.055738701562500007 0.515509259375 0.0612074515625 0.5321759265624999 0.0721449515625 0.528009259375 0.0807387015625 0.5099537046875
10 0.1336023609375 0.928009259375 0.1304773609375 0.8946759265625002 0.11953986093749999 0.8696759265625001 0.1164148609375 0.871064815625 0.1054773609375 0.9141203703125 0.10391486093749999 0.9321759265625001 0.1164148609375 0.9599537046875 0.1289148609375 0.9432870375 0.1336023609375 0.928009259375
10 0.5703125 0.68524305625 0.5640625 0.69913194375 0.565625 0.7407986109375 0.5828125 0.76163194375 0.59921875 0.76163194375 0.6203125 0.7380208328125001 0.61875 0.7171875 0.60859375 0.6810763890625 0.6015625 0.6699652781250001 0.59453125 0.6685763890625 0.5703125 0.68524305625