10 0.0078781890625 10 0.0086311640625 0.006901698437500001 0.0059939218750000006 0.025185757812499997 0.01232130625 0.037273828125000005 0.024317120312500003 0.0317940640625 0.0305563015625 0.016506785937499997 0.029867298437500002 0.008201284375 0.0282702328125 10 0.0078781890625 0
10 0.059459073437499996 0.2971186328125 0.057098409375000006 0.2318465265625 0.03495220625 0.24360519531249997 0.034096 0.2761516109375 0.0355942453125 0.291826021875 0.0349075078125 0.30440456562499996 0.04152554375 0.32064915312500003 0.05214574843749999 0.315729675 0.059459073437499996 0.2971186328125
10 0.94375 0.421875 0.0171875 0.0375
10 0.84140625 0.13359375 0.0234375 0.034375
10 0.72109375 0.440625 0.0296875 0.0453125
10 0.565625 0.44140625 0.0171875 0.034375
10 0.67421875 0.13046875 0.0265625 0.0359375
10 0.56875 0.0296875 0.059375 0.059375
10 0.1265625 0.96796875 0.0375 0.0640625
10 0.09765625 0.6765625 0.025 0.090625
10 0.01328125 0.74140625 0.0265625 0.0828125