10 0.350993340625 0.282888946875 0.36260800937500004 0.27970388281249997 0.3695917328125 0.2558345015625 0.366328453125 0.229543484375 0.3581814109375 0.2200998375 0.3449082515625 0.2205633453125 0.3382205859375 0.2305250328125 0.3376284671875 0.25834042031250004 0.340310090625 0.2679749234375 0.350993340625 0.282888946875
10 0.241646078125 0.0592540625 0.23408592499999997 0.0442309796875 0.22447427812499998 0.0376179484375 0.21715125156249998 0.05177102812499999 0.21392598281250003 0.071339953125 0.213629925 0.085247646875 0.2288524046875 0.09583395 0.2409085453125 0.08290532187500001 0.241646078125 0.0592540625
10 0.10242965625 0.3134959203125 0.108778021875 0.2938179328125 0.1046370234375 0.26477809531249996 0.0890267703125 0.2430874484375 0.08146138750000001 0.250300315625 0.08198934531249999 0.2878047375 0.086668759375 0.30987709531249996 0.0938896125 0.31518388124999996 0.10242965625 0.3134959203125
10 0.86660866875 0.217088509375 0.858607040625 0.21180898906249998 0.8446932921875 0.2386998421875 0.8302463578125 0.250322225 0.8268272015625 0.26433897968750003 0.8317922156249999 0.3169755453125 0.850428621875 0.33578104531249997 0.877561828125 0.329274590625 0.8933764265625002 0.31204550625 0.8969409953125 0.30219288125 0.888018409375 0.2705405484375 0.870507309375 0.2391881328125 0.86660866875 0.217088509375
10 0.2549336921875 0.8244180203125001 0.2560642265625 0.7896351546875 0.244503259375 0.7719723109375 0.23035238281249998 0.7696869984375 0.22532320781249998 0.7823702406249999 0.22121499218750001 0.8214262968749999 0.23511828124999998 0.83900734375 0.2549336921875 0.8244180203125001
10 0.10200381249999999 0.512898759375 0.1109853296875 0.501467234375 0.1040120640625 0.48086471406250003 0.096058909375 0.47697323750000004 0.0894197140625 0.4883229671875 0.0891721265625 0.5036187046875 0.094928375 0.511756103125 0.10200381249999999 0.512898759375
10 0.5494049015625 0.418257078125 0.5546279625 0.4111260078125 0.5523393421875 0.3903598953125 0.54428924375 0.383692334375 0.533843121875 0.39795447500000003 0.5327662890625 0.41188943437500003 0.5369125171875 0.418693321875 0.5494049015625 0.418257078125
10 0.494743065625 0.867660734375 0.49683780000000005 0.882874675 0.5108917328125 0.8823839015625001 0.5110908484375 0.865700121875 0.49918535156250005 0.8605569296875 0.494743065625 0.867660734375
10 0.68282976875 0.9931174734375 0.6953706265624999 0.9940692734375001 0.6997644421875 0.9855774234375 0.6995273140625 0.956401259375 0.690357140625 0.9400446640624999 0.6784031718750001 0.9335134281249999 0.67342246875 0.9475847125 0.6745373140625001 0.979509696875 0.68282976875 0.9931174734375
10 0.8239061171875001 0.77973065625 0.8286392328125001 0.7809551078125 0.8385469375 0.773660446875 0.8440660578125 0.7526216828125 0.83733515 0.7389593765625 0.823038859375 0.7325099359375 0.8179612125 0.7438051343750001 0.8179075109374999 0.7646530421875 0.8239061171875001 0.77973065625
10 0.73100305625 0.5369917234375 0.737006890625 0.5298333875 0.734863684375 0.5132314046875 0.723006659375 0.509476253125 0.7115374046875 0.516825446875 0.7112898171875 0.532121184375 0.717729896875 0.5374552328125001 0.73100305625 0.5369917234375
10 1 0.6454542437499999 0.9972693421875001 0.6402620734375001 0.98707080625 0.6392284781249999 0.9805770265625 0.6547423375 0.9797910234374999 0.6770055515625 0.9848149687500001 0.686558259375 1 0.6887141640625 1 0.6454542437499999
10 0.9419118093750001 0.9354293874999999 0.9386380687500001 0.9536102703125 0.9391227843750001 0.9674906984374999 0.9434144265625001 0.9784587140625 0.9538068484375 0.9850444812500001 0.9623953625 0.9847445640625001 0.9682053125 0.9720340562499998 0.9634826546875 0.926337703125 0.95987484375 0.9125663359375 0.9559225015624999 0.9113146203125 0.9419118093750001 0.9354293874999999