10 0.15546875 0.13671875 0.040625 0.065625
10 0.9921875 0.4046875 0.015625 0.059375
10 0.853125 0.11875 0.0296875 0.0484375
10 0.703125 0.05703125 0.0265625 0.0375
10 0.65078125 0.34921875 0.0265625 0.046875
10 0.85078125 0.43125 0.028125 0.053125
10 0.149551628125 0.9420499453125 0.1725966796875 0.93132923125 0.1851650796875 0.8985027890625 0.1808018515625 0.8776965109375 0.1717338375 0.8715092921875 0.148502140625 0.8793504999999999 0.138430515625 0.9041881421875001 0.1339969015625 0.9288042640625 0.1379023140625 0.9367339734375001 0.149551628125 0.9420499453125
10 0.42405550937500003 0.8266943078125 0.45823926875 0.8424797953125001 0.47190994531249997 0.8382860000000001 0.48119979687500003 0.8246415265625 0.48775689531250005 0.786277590625 0.474410178125 0.766401646875 0.449396553125 0.7525653328125 0.428644034375 0.7637733421874999 0.420593771875 0.779101215625 0.4128992046875 0.8115437046875 0.42405550937500003 0.8266943078125
10 0.7953125 0.80703125 0.034375 0.0640625
10 0.7421875 0.64921875 0.0203125 0.0390625
10 0.6765625 0.6734375 0.0265625 0.034375
10 0.73984375 0.5390625 0.0640625 0.1125