10 0.0703125 0.1671875 0.03125 0.05
10 0.0875 0.12890625 0.0234375 0.040625
10 0.1921875 0.05078125 0.0390625 0.0703125
10 0.27421875 0.028125 0.0296875 0.05625
10 0.33359375 0.35859375 0.0421875 0.059375
10 0.2 0.31484375 0.040625 0.05625
10 0.15859375 0.009375 0.0265625 0.01875
10 0.63125 0.084375 0.05 0.0671875
10 0.7765625 0.18046875 0.0328125 0.0578125
10 0.96796875 0.46796875 0.0390625 0.0234375
10 0.56171875 0.81328125 0.0421875 0.06875
10 0.746875 0.696875 0.0203125 0.0296875
10 0.6546875 0.8234375 0.028125 0.046875