10 0.941372821875 0.1509845625 0.9518785968750001 0.15738795156250002 0.9657037593750001 0.15249102187500002 0.967026653125 0.13295056249999998 0.9562834140625001 0.1070884875 0.9435097890625 0.102194746875 0.9415326953125 0.10925233593749999 0.9425503390625 0.1286701328125 0.9391582640625 0.13858346875 0.941372821875 0.1509845625
10 0.9536411781249999 0.54270030625 0.9596451484375 0.522914521875 0.9549979656250001 0.49395137812499995 0.9390115375000001 0.472536471875 0.9315731890624999 0.479880275 0.9327556078124999 0.51736976875 0.9378195250000001 0.5393570984375 0.9451318953125 0.5445370546875 0.9536411781249999 0.54270030625
10 0.7643557359375001 10 0.7730219796875 0.042053484375 0.7860136703125 0.0511081828125 0.79054936875 0.0480888890625 0.79628198125 0.0380528890625 0.797115453125 0.0241012609375 0.7911439031249999 10 0.7643557359375001 0
10 0.7641104671875001 0.44260585781249995 0.763766421875 0.45096865937499997 0.7736373953125 0.46018690781249993 0.7790259609375 0.458513709375 0.7823453484375 0.44721338906249997 0.775231646875 0.4308966625 0.7641104671875001 0.44260585781249995
10 0.8007321562499999 0.295116728125 0.8134863828125001 0.28471274375 0.8167136828125001 0.256727709375 0.8069686890625001 0.234985703125 0.79787789375 0.225726565625 0.785395025 0.226380765625 0.7806606578124999 0.2405368328125 0.7794104531249999 0.261464278125 0.789518890625 0.290141209375 0.8007321562499999 0.295116728125
10 0.4078125 0.75390625 0.0296875 0.0796875
10 0.10390625 0.74140625 0.0265625 0.0578125
10 0.17265625 0.8890625 0.0234375 0.0421875
10 0.23217544375000002 0.559375 0.22413063437499997 0.5713605359375 0.22251698437499998 0.585353053125 0.2339483171875 0.5944895265625 0.24621312031249998 0.5896743703125 0.24960519531249997 0.5797610359375 0.249023684375 0.5686651515625 0.23439437500000002 0.559375 0.23217544375000002 0.559375
10 0.30390625 0.578125 0.0171875 0.0375
10 0.7578125 0.64765625 0.025 0.06875
10 0.7140625 0.83671875 0.025 0.0375
10 0.8828125 0.88203125 0.021875 0.046875