10 0.04375 0.36796875 0.0875 0.1421875
10 0.78671875 0.24609375 0.0171875 0.0265625
10 0.52421875 0.34921875 0.0265625 0.0375
10 0.15859375 0.9671875 0.0765625 0.065625
10 0.0242763125 0.4390625 0.026692328124999998 0.4647098953125 0.0320683703125 0.4862720234375 0.0386326484375 0.49322381249999997 0.04360295 0.49055316875 0.044705146875000004 0.4788270984375 0.043084489062499995 0.4390625 0.0242763125 0.4390625
10 0.1927423296875 0.6776224359375 0.19699177968749998 0.610241034375 0.16501317499999998 0.5809975921875 0.1641236921875 0.6613782015625 0.16832101093750002 0.676554315625 0.169828946875 0.6890610140625 0.179167284375 0.7039096 0.188771884375 0.6972206796875 0.1927423296875 0.6776224359375
10 0.477841396875 0.9639140734375001 0.4614791203125 0.91550869375 0.42975139218749997 0.899562509375 0.4270552203125 0.9016661484374999 0.42685869218750006 0.9460887890624999 0.42971064062500003 0.963986021875 0.44855938906250004 0.9879146578124999 0.45665605468750003 0.9687190375 0.477841396875 0.9639140734375001
10 0.58828125 0.77265625 0.040625 0.0390625
10 0.50703125 0.9515625 0.034375 0.0390625
10 0.92109375 0.94296875 0.053125 0.065625
10 0.79375 0.5953125 0.025 0.0375
10 0.9828125 0.5609375 0.0296875 0.0390625