10 0.2640625 0.25546875 0.0359375 0.0578125
10 0.01796875 0.253125 0.03125 0.0484375
10 0.6102478093749999 0.057263371875 0.606884734375 0.0451989578125 0.5982745375 0.0385096078125 0.59244988125 0.041167593749999995 0.5871182328125 0.053660210937499994 0.5892417171875 0.06740802500000001 0.5939289046875 0.07067148437500001 0.6056803374999999 0.0695935578125 0.6102478093749999 0.057263371875
10 0.6203015296875 0.3788675765625 0.631186665625 0.373714034375 0.6339194171875 0.3489945734375 0.6261403249999999 0.3236696375 0.6164771828125 0.3157841796875 0.6034861609375 0.31854550625 0.5986299234375 0.32951715312499996 0.6028768937500001 0.3570127828125 0.607190790625 0.3660352578125 0.6203015296875 0.3788675765625
10 0.471970275 0.1732701359375 0.461916246875 0.1597880953125 0.45130228125 0.1549445734375 0.446548165625 0.17015426718749999 0.44677000468749994 0.1899859609375 0.4488934890625 0.2037337734375 0.465722996875 0.2115158921875 0.4753509453125 0.1966901515625 0.471970275 0.1732701359375
10 0.26640625 0.54765625 0.0421875 0.0828125
10 0.38125 0.86484375 0.015625 0.0703125
10 0.21484375 0.721875 0.0296875 0.0453125
10 0.644932940625 0.5202394625 0.6327412890625 0.545549559375 0.6566526390625 0.5603458890625 0.663801409375 0.5488869484375 0.6626287484375 0.5320971953125 0.6557335515625 0.522203475 0.644932940625 0.5202394625
10 0.9442298484375 0.6582502265625 0.9518716265624999 0.6566259156250001 0.9545374500000001 0.65037960625 0.949917190625 0.62864299375 0.9394722734375 0.609564365625 0.9285871390625001 0.6147179078125 0.9252592578125001 0.6253646921875 0.9289286953125 0.6501432453125 0.9320875265625 0.6537315671874999 0.9442298484375 0.6582502265625
10 0.809075953125 0.7551341109375 0.8058995249999998 0.7401901890625 0.7956588499999999 0.7295876546875 0.7828544734375 0.7294694749999999 0.7806816578125 0.7455504125 0.7845377390625 0.7674494578125 0.7933521781249999 0.7826149 0.8052726609375 0.767301865625 0.809075953125 0.7551341109375
10 0.9671196828124999 0.93878825625 0.9597138812499999 0.90770430625 0.94908231875 0.8915051859374999 0.9374506031250001 0.9081767593750001 0.9349890203125 0.9228991593749999 0.940560103125 0.941593834375 0.9562521437499999 0.9552973984375001 0.9631297437499999 0.9538355187499998 0.9671196828124999 0.93878825625
10 0.70743221875 1 0.7083521703125 0.99521090625 0.703731909375 0.97347429375 0.6964458265625 0.9579839890624999 0.6880222734375 0.9484151296875 0.6749467265625 0.9582940109375 0.6830482250000001 1 0.70743221875 1
10 0.506059971875 0.9302957124999999 0.5081482640624999 0.9213323265625 0.5002670499999999 0.8917693453125001 0.49366062031249996 0.8832341625 0.4882268515625 0.891488734375 0.4871069796875 0.9087657796874999 0.4910475859375 0.9235472703125 0.50099949375 0.9327912656249999 0.506059971875 0.9302957124999999
10 0.444813559375 0.439243328125 0.44780334218749995 0.45706675781249995 0.45412100781250003 0.4642434015625 0.46728107812499997 0.4472469671875 0.45844904218749993 0.4207259234375 0.4483280859375 0.42571703593750004 0.444813559375 0.439243328125