10 0.27734375 0.040625 0.015625 0.034375
10 0.10078125 0.009375 0.0140625 0.01875
10 0.18203125 0.15390625 0.021875 0.05
10 0.06640625 0.121875 0.01875 0.028125
10 0.58359375 0.1984375 0.021875 0.059375
10 0.675 0.10078125 0.0140625 0.01875
10 0.5078125 0.04375 0.01875 0.059375
10 0.47109375 0.16328125 0.0140625 0.0234375
10 0.3984375 0.003125 0.0125 0.00625
10 0.396875 0.02734375 0.0125 0.01875
10 0.5234375 0.80859375 0.0203125 0.053125
10 0.49375 0.859375 0.0125 0.028125
10 0.4875 0.9203125 0.0125 0.01875
10 0.41484375 0.76796875 0.015625 0.046875
10 0.60234375 0.9515625 0.0328125 0.040625
10 0.690625 0.85625 0.0203125 0.0203125