10 0.275 0.521875 0.0234375 0.0359375
10 0.15078125 0.27890625 0.028125 0.0515625
10 0.35625 0.21953125 0.021875 0.0328125
10 0.1265625 0.178125 0.0171875 0.034375
10 0.0875 0.54296875 0.015625 0.0140625
10 0.1921875 0.11953125 0.01875 0.0453125
10 0.6375 0.015625 0.034375 0.03125
10 0.49453125 0.11953125 0.0296875 0.040625
10 0.8578125 0.32734375 0.040625 0.053125
10 0.5902670875 0.795671790625 0.6026044828125 0.7544606171874999 0.6043106640625 0.7230081515625 0.591503084375 0.7200287078125001 0.5778317453125 0.776459315625 0.57589495 0.798596975 0.579838315625 0.8073071390625 0.5854073046874999 0.8064001703125001 0.5902670875 0.795671790625
10 0.6955778125000001 0.725416215625 0.6961965578125 0.7171051828125 0.6941253828124999 0.658367821875 0.678205246875 0.6551160656249999 0.675425175 0.7124995359375 0.66996014375 0.73014593125 0.6743186375000001 0.7430749984375 0.6870239875 0.739539259375 0.6955778125000001 0.725416215625
10 0.6765908093749999 1 0.6828728546875 0.9483052140625 0.65915984375 0.9564546843749999 0.6532227984375 0.9884664593749999 0.65250930625 1 0.6765908093749999 1