10 0.34375 0.33125 0.0328125 0.08125
10 0.40546875 0.121875 0.028125 0.0578125
10 0.2671875 0.49140625 0.025 0.04375
10 0.5487742640625 0.0968432171875 0.5518183015625 0.0868175390625 0.5508499046875001 0.075748709375 0.5343159656250001 0.0660416875 0.5260660875000001 0.07931120625 0.5249417515625 0.093351515625 0.5366849796875 0.10208347499999999 0.5487742640625 0.0968432171875
10 0.9845466437500001 0.559375 0.9780982890625 0.54054234375 0.9721319671875 0.49923850468750003 0.9660787796875001 0.49279711718749997 0.9551829 0.4937503828125 0.946811971875 0.5056362984375 0.9446672609375 0.5169774890625 0.9466959703125 0.559375 0.9845466437500001 0.559375
10 0.665625 0.3421875 0.0328125 0.08125
10 0.73359375 0.146875 0.028125 0.0578125
10 0.7046875 0.01328125 0.025 0.0265625
10 0.8768992640625001 0.12184321718749999 0.8799433015625 0.1118175390625 0.8789749046875001 0.100748709375 0.8624409656250001 0.0910416875 0.8541910875 0.10431120625000001 0.8530667515625 0.11835151562499999 0.8648099796875 0.127083475 0.8768992640625001 0.12184321718749999
10 0.87890625 0.278125 0.0234375 0.06875
10 0.63125 0.0375 0.01875 0.0625
10 0.4486612265625 0.9173543656250001 0.44451064999999995 0.8968045796874999 0.4374370859375 0.8876640765625 0.4303115421875 0.8868932859375 0.42391229687500004 0.8944241203125 0.42429253750000007 0.9166979609375 0.43058782500000004 0.925906553125 0.44106857499999996 0.9291721890625 0.4486612265625 0.9173543656250001
10 0.2630724734375 0.8846395687499999 0.26324550156250004 0.8776534593750001 0.2538890859375 0.8603475140625001 0.24053732499999997 0.8601214484374999 0.2386866921875 0.865860134375 0.2389458828125 0.886750371875 0.2434425171875 0.8933279390625 0.25368116875 0.8938263671875 0.2630724734375 0.8846395687499999
10 0.250293190625 0.729607859375 0.24920374375 0.717155425 0.24278740625 0.706563228125 0.2373394671875 0.7070398609375 0.23040404374999998 0.7174059921875 0.2318566390625 0.7340092359375 0.23958743125 0.7416980453125 0.24647087499999998 0.739701628125 0.250293190625 0.729607859375
10 0.14811246875 0.879361128125 0.14761117968749998 0.855703684375 0.13849686249999998 0.8411649484374999 0.1259233796875 0.8408707906250001 0.12066555937500001 0.8524843453125 0.11936819531250001 0.8735107624999999 0.12602663125 0.8868701671875 0.1419553234375 0.8896591703125001 0.14811246875 0.879361128125
10 10 0.8300086265625 0.0032325828125 0.82790354375 0.006397671874999999 0.8192614671874999 0.003388521875 0.8027944046875 10 0.7988791359375 10 0.8300086265625
10 0.07938987343750001 0.6376717375000001 0.0753083671875 0.62687526875 0.062129635937500004 0.6196630937500001 0.05590341875 0.6202078171875 0.049331145312500005 0.634724759375 0.05066269062499999 0.6499443984375001 0.0582724328125 0.6562496046875 0.0750313796875 0.650600803125 0.07938987343750001 0.6376717375000001