10 0.07890625 0.2234375 0.021875 0.0359375
10 0.1734375 0.15625 0.0140625 0.021875
10 0.92890625 0.3296875 0.0203125 0.034375
10 0.7515625 0.325 0.028125 0.065625
10 0.5953125 0.43125 0.028125 0.0375
10 0.68203125 0.09296875 0.0265625 0.078125
10 0.225 0.59375 0.021875 0.0359375
10 0.015625 0.57265625 0.01875 0.0453125
10 0.00234375 0.71484375 0.0046875 0.0234375
10 0.784281928125 0.7052998046875001 0.762475684375 0.71457443125 0.7449387468750001 0.734572646875 0.7365291968750001 0.75919769375 0.7344295093750001 0.791538784375 0.74007535625 0.8900996703124999 0.74666751875 0.9229237484375 0.7543350656250001 0.93608325 0.7665703328125 0.9403834281249999 0.7880351421875 0.9353343078125 0.8239370625 0.8882681453124999 0.817847625 0.80790889375 0.8187348078125 0.7715056265625 0.8233105843749999 0.740300828125 0.8156941171875 0.7201532625 0.8061311953124999 0.7113825890625 0.784281928125 0.7052998046875001
10 0.6906863578125 1 0.6926463203125 0.9819804390625 0.6864466703125001 0.9379427921874999 0.6885893796875 0.9209591125 0.686317603125 0.8918705609375 0.6718025046875 0.8808273062499999 0.620377290625 0.884835775 0.6127957890625 0.90239109375 0.6147772078125 0.9287170843750001 0.6268081624999999 0.9609695234375 0.6326257078124999 1 0.6906863578125 1