10 0.829897365625 0.184001546875 0.8361235828125 0.18454627031249998 0.8503226906249999 0.1746349765625 0.8687243531250001 0.15254361249999998 0.8471746937500001 0.1478698734375 0.8361057859375001 0.139930496875 0.826455290625 0.15163393593750002 0.8233250906249999 0.16948460468749998 0.8250546734374999 0.17660689375 0.829897365625 0.184001546875
10 0.9596952015625 0.062908934375 0.9571702500000001 0.0738415828125 0.9657832781250001 0.08296029218749999 0.9775265046874999 0.07422833125 0.977716625 0.06309140937499999 0.9727528843750001 0.0570803625 0.9596952015625 0.062908934375
10 0.3083849453125 0.4793657859375 0.31229342187500003 0.4615832078125 0.30722572187499997 0.43883273437500003 0.2937009328125 0.432072690625 0.2854859421875 0.4452959156249999 0.2813873453125 0.4742154140625 0.29000037343749996 0.4833341203125 0.3083849453125 0.4793657859375
10 0.13520435625 0.2791823640625 0.12155851718749999 0.273805925 0.117097478125 0.3696150359375 0.1280453359375 0.3789380140625 0.14374901874999998 0.36079319062500004 0.1443193796875 0.327382428125 0.13520435625 0.2791823640625
10 0.0665548015625 0.7890354281249999 0.061418031250000005 0.7760382703125 0.0454202703125 0.788580590625 0.0470807828125 0.805456196875 0.0599483453125 0.810764546875 0.06522325625 0.8042550687500001 0.0665548015625 0.7890354281249999
10 0.21256601874999997 0.8804800687500001 0.21834292500000002 0.9130519500000001 0.22354876406250002 0.916295790625 0.23373543749999998 0.9074276484375 0.2377649640625 0.8882614671875 0.23425381875 0.865647175 0.22833877187499999 0.8525819281250001 0.22223360468750003 0.8506536 0.2133613859375 0.8624251296875001 0.21256601874999997 0.8804800687500001
10 0.098568553125 0.634891390625 0.10119746249999999 0.640698165625 0.1074236796875 0.6412428890624999 0.11569064843750002 0.6363893796875 0.1221069859375 0.6257971828125 0.12487403593749999 0.6120973265625 0.115430753125 0.5945408140625 0.104898021875 0.5894367375 0.0977034078125 0.5999608453125 0.098568553125 0.634891390625
10 0.6375 0.503125 0.0375 0.06875
10 0.5609375 0.296875 0.0359375 0.0609375
10 0.36640625 0.415625 0.0359375 0.0859375
10 0.47734375 0.690625 0.0328125 0.071875
10 0.803125 0.421875 0.0296875 0.053125