10 0.05546875 0.26328125 0.04375 0.0875
10 0.0078125 0.02421875 0.015625 0.0484375
10 1 0.0380322671875 0.9886014265625 0.0345265078125 0.9710269890625 0.0898659890625 0.9675506671875 0.11181461875000001 0.9708768359375 0.12077864218750001 0.9764955265624999 0.120262353125 0.9820918453124999 0.1098991109375 0.997273934375 0.069648934375 1 0.047778475 1 0.0380322671875
10 0.76572135 0.175938434375 0.763428828125 0.1854187453125 0.7652117328125 0.194138340625 0.7773405671875 0.1974655609375 0.787446853125 0.18359802187500002 0.7844469984375 0.1484365859375 0.76572135 0.175938434375
10 0.8611724078125 0.21402435468749997 0.8710837953125001 0.2113755609375 0.8784406468749999 0.19988495781249999 0.8813849796875001 0.186289278125 0.8790477124999999 0.17607568125 0.8686794109375 0.1716211 0.8563556796875 0.17951262343750002 0.8524000734375001 0.1845109234375 0.85143354375 0.195607453125 0.8611724078125 0.21402435468749997
10 0.32265625 0.78984375 0.05 0.0828125
10 0.365625 0.5203125 0.03125 0.021875
10 0.26953125 0.54765625 0.0296875 0.0765625
10 0.0328125 0.678125 0.0234375 0.034375
10 0.0796875 0.86015625 0.040625 0.0703125
10 0.97578125 0.6734375 0.0296875 0.0453125
10 0.63984375 0.8609375 0.04375 0.0546875
10 0.80703125 0.79609375 0.0265625 0.04375