10 0.01484375 0.4421875 0.0296875 0.034375
10 0.21953125 0.284375 0.0296875 0.0546875
10 0.171875 0.11875 0.0328125 0.053125
10 0.17109375 0.03671875 0.0609375 0.0734375
10 0.5796875 0.459375 0.5949717515625 0.459375 0.611716728125 0.41095130312499994 0.61120865 0.40653040156250003 0.6005960406249999 0.40388437968749996 0.5816612531249999 0.42492874843750006 0.5796875 0.42629480624999994 0.5796875 0.459375
10 0.674372721875 0.1488800796875 0.6726927078125 0.1556182453125 0.679781365625 0.1788567625 0.6965362109375001 0.173014359375 0.7113447781250001 0.1523726171875 0.7162987796875 0.12927385625 0.71343053125 0.12140168124999999 0.7054280546875 0.11797503281249999 0.6887592484375 0.1267017015625 0.674372721875 0.1488800796875
10 0.33515625 0.76796875 0.05 0.0890625
10 0.05546875 0.61953125 0.028125 0.046875
10 0.4 0.48828125 0.040625 0.0578125
10 0.0859375 0.80078125 0.0421875 0.078125
10 0.3 0.5078125 0.0421875 0.084375