10 0.31071648125 0.48897541875000006 0.300589246875 0.499405496875 0.2966967875 0.5102715515625 0.28805701093749997 0.589027384375 0.29955772187499996 0.603754396875 0.3167033546875 0.6049533359375 0.3294592828125 0.5905302328124999 0.332180584375 0.574013159375 0.32602986718750004 0.5387760484374999 0.326598346875 0.49704738906249996 0.3216273375 0.4897383796875 0.31071648125 0.48897541875000006
10 0.05234375 0.309375 0.03125 0.08125
10 0.14609375 0.11171875 0.0265625 0.0578125
10 0.0796875 0.6625 0.021875 0.053125
10 0.29157574531249997 0.1094007875 0.2961506671875 0.099974734375 0.2969257390625 0.088890690625 0.2821138734375 0.0767167 0.271889753125 0.088532284375 0.2685828734375 0.10222384843750001 0.2788155421875 0.11268534999999999 0.29157574531249997 0.1094007875
10 0.2734375 0.25625 0.021875 0.06875
10 0.06171875 0.00859375 0.0171875 0.0171875
10 1 0.4086482453125 0.9868132062499999 0.40094824375 0.957594109375 0.4156124109375 0.9527285359375 0.4291949796875 0.9502095515625001 0.4652181265625 0.9691204703124999 0.497170675 0.9840249453125001 0.4968206171875 1 0.48646682812500003 1 0.4086482453125
10 0.39140625 0.9359375 0.03125 0.0765625
10 0.2171875 0.9671875 0.040625 0.065625
10 0.28828125 0.7703125 0.0203125 0.0625
10 0.04765625 0.7265625 0.0203125 0.0328125
10 0.41015625 0.7625 0.015625 0.0421875