10 0.3462623984375 0.3900952125 0.359952440625 0.3875781796875 0.36663615625 0.3716070078125 0.367258234375 0.34089836562500003 0.3599842703125 0.32321340468750004 0.3559378734375 0.3241158890625 0.3505373734375 0.3360466640625 0.3388900578125 0.36680089531250004 0.3379728546875 0.38068146875000003 0.3462623984375 0.3900952125
10 0.11238365937499999 0.51875 0.1081702328125 0.502192409375 0.1042931 0.5017163578125 0.095950803125 0.51875 0.11238365937499999 0.51875
10 0.11396134843750001 0.3139953765625 0.11650029218749999 0.29331733125000004 0.109663228125 0.2784846546875 0.09907489375 0.28138252656249996 0.0891910953125 0.29136350312500003 0.0853414484375 0.30348469843750003 0.090796921875 0.31674841875 0.1034713875 0.32250260625 0.11396134843750001 0.3139953765625
10 0.7890625 0.04375 0.0359375 0.08125
10 0.7984375 0.40703125 0.025 0.0703125
10 0.68125 0.18359375 0.0265625 0.04375
10 0.0453125 0.82109375 0.0140625 0.021875
10 0.9671875 0.76328125 0.04375 0.0921875
10 0.95234375 0.54609375 0.0359375 0.0546875
10 0.778125 0.56328125 0.0453125 0.078125
10 0.78671875 0.84765625 0.0390625 0.06875
10 0.68828125 0.678125 0.0265625 0.0390625
10 0.62890625 0.88203125 0.0203125 0.0453125