10 0.15625 0.4328125 0.0265625 0.0375
10 0.15546875 0.34765625 0.096875 0.1015625
10 0.62421875 0.32734375 0.0453125 0.075
10 0.70625 0.1265625 0.03125 0.0359375
10 0.87578125 0.29375 0.03125 0.0625
10 0.96171875 0.11953125 0.015625 0.0234375
10 0.3171875 0.98125 0.021875 0.0375
10 0.2234375 0.8453125 0.0265625 0.0375
10 0.22265625 0.76015625 0.096875 0.1015625
10 0.81328125 0.6234375 0.0296875 0.0359375
10 0.7328125 0.8125 0.0375 0.0515625
10 0.871875 0.9859375 0.021875 0.028125
10 0.97734375 0.79375 0.025 0.04375