10 0.20703125 0.01484375 0.0203125 0.0296875
10 0.05859375 0.1734375 0.021875 0.0296875
10 0.10546875 0.2765625 0.0203125 0.0265625
10 0.2765625 0.203125 0.01875 0.059375
10 0.35234375 0.32421875 0.0203125 0.0515625
10 0.8125 0.13515625 0.03125 0.0390625
10 0.803125 0.284375 0.0296875 0.0359375
10 0.71015625 0.4703125 0.0375 0.05
10 0.840625 0.6390625 0.021875 0.040625
10 0.953125 0.44921875 0.025 0.04375
10 0.19453125 0.68359375 0.1484375 0.0484375
10 0.47578125 0.6703125 0.0078125 0.021875
10 0.34140625 0.89765625 0.021875 0.0359375
10 0.2046875 0.81171875 0.0203125 0.025
10 0.771480340625 0.814637325 0.761912853125 0.8255831265625 0.7585944140625 0.8366380078125 0.76261100625 0.909404375 0.7663439421875 0.9298430062499999 0.783528825 0.93014296875 0.7955124234375 0.9150720390625 0.797365559375 0.89843518125 0.7893791046875 0.8635682640625 0.7877628953125 0.821867040625 0.782416175 0.814828209375 0.771480340625 0.814637325