10 0.0445075484375 10 0.05208748125 0.038995375 0.06196096718750001 0.061129196875 0.080298453125 0.08586243437499999 0.095636378125 0.08288104375000001 0.1151418203125 0.0522067703125 0.1378836953125 0.0463713125 0.1611837359375 0.0475017796875 0.1654638171875 0.0367656265625 0.162973515625 10 0.0445075484375 0
10 0.98125 0.1578125 0.025 0.0375
10 0.76640625 0.00859375 0.0203125 0.0171875
10 0.79375 0.15 0.0234375 0.046875
10 0.7875 0.2859375 0.01875 0.025
10 0.90703125 0.28125 0.0140625 0.025
10 0.6765625 0.15703125 0.021875 0.0375
10 0.613465034375 0.5855305015625 0.6247597484374999 0.5904094515625 0.63776884375 0.5836360875000001 0.6363593562500001 0.5641016828125001 0.6221213640625 0.5399864671875 0.608790975 0.5369180953125 0.6078153484375 0.544182159375 0.6115255234375 0.5632693546875001 0.6095461296875 0.5735583 0.613465034375 0.5855305015625
10 0.9234306828125 0.653404915625 0.9202786734374999 0.6412836453125 0.9117865328124999 0.63444504375 0.905916375 0.6370009718749999 0.9003675125000001 0.6493986359375 0.902250740625 0.663181415625 0.906880259375 0.6665261828125 0.918648715625 0.6656535109374999 0.9234306828125 0.653404915625
10 0.9249255218750001 0.9599870312500001 0.935898940625 0.9550242453125 0.9390626906249999 0.9303562421875 0.9317267640625 0.9048994 0.9222027140625 0.8968464984375 0.909165478125 0.8993806796874999 0.9041185 0.9102659031249999 0.9078849578125 0.9378314640625 0.9120407328125001 0.9469278531249999 0.9249255218750001 0.9599870312500001
10 0.7819403015624999 0.7562111453125 0.7721230984374999 0.7425556906249999 0.76159528125 0.73752766875 0.75657644375 0.752652075 0.7564521375 0.7724846171875 0.7583353671874999 0.786267396875 0.7750264953125 0.7943420453125001 0.784911721875 0.7796865921875 0.7819403015624999 0.7562111453125
10 0.6847314328125 1 0.6787690984375 0.9806377734375001 0.6599578703125 0.9616561562499999 0.6536139703125 0.9699637078125001 0.6588056531250001 1 0.6847314328125 1