10 0.609375 0.2215856484375 0.5994781484375 0.2215856484375 0.5901031484375 0.232696759375 0.5869781484375001 0.2438078703125 0.5838531484375 0.3229745375 0.5963531484375 0.3368634265625 0.609375 0.3368634265625 0.609375 0.2215856484375
10 0.32890625 0.06015625 0.025 0.078125
10 0.3828125 0.41953125 0.015625 0.06875
10 0.2390625 0.2125 0.021875 0.040625
10 0.54609375 0.01328125 0.0171875 0.0265625
10 0.74609375 0.20546875 0.025 0.078125
10 0.82578125 0.01484375 0.0234375 0.0296875
10 0.8 0.56484375 0.015625 0.06875
10 0.65625 0.3578125 0.021875 0.040625
10 0.959375 0.1453125 0.0171875 0.06875
10 0.41953125 0.74296875 0.03125 0.078125
10 0.12499944375000001 0.66898148125 0.12421819375000001 0.6787037046875 0.12734319375 0.6870370375 0.13984319375 0.6884259265625 0.14765569375 0.6731481484375 0.13984319375 0.6606481484375 0.12499944375000001 0.66898148125
10 0.26796875 0.8444444437499999 0.26484375 0.8111111109374999 0.25390625 0.7861111109375 0.25078125 0.7875 0.23984375 0.83055555625 0.23828125 0.8486111109374999 0.25078125 0.8763888890625001 0.26328125 0.859722221875 0.26796875 0.8444444437499999
10 0.6067718515625 0.76944444375 0.6067718515625 0.75 0.6013031015625 0.7333333328125 0.5927093515624999 0.7361111109375 0.5872406015625 0.7513888890625 0.5880218515625 0.765277778125 0.5942718515625 0.775 0.6020843515625 0.777777778125 0.6067718515625 0.76944444375
10 0.08984375 0.8958333328125001 0.09375 0.9125 0.09921875 0.915277778125 0.10234375 0.9111111109374999 0.1046875 0.89305555625 0.1015625 0.8861111109375 0.08984375 0.8958333328125001
10 0.5289806546875 1 0.5296875 0.9736111109374999 0.52109375 0.9638888890625001 0.5140625 0.9638888890625001 0.50625 0.9736111109374999 0.503125 0.9916666671875 0.503125 1 0.5289806546875 1
10 0.7133572046875 1 0.70625 0.9772569437499999 0.70078125 0.9467013890625001 0.6921875 0.92725694375 0.6828125 0.9244791671874999 0.67890625 0.9286458328125 0.67421875 0.9522569437499999 0.6609375 0.96475694375 0.65546875 0.9772569437499999 0.6569738046875 1 0.7133572046875 1