10 0.140625 0.51015625 0.0375 0.0390625
10 0.246875 0.18359375 0.0328125 0.046875
10 0.384375 0.5078125 0.028125 0.04375
10 0.23828125 0.3421875 0.0234375 0.0390625
10 0.48828125 0.3703125 0.015625 0.028125
10 0.57421875 0.0484375 0.03125 0.0390625
10 0.928125 0.503125 0.0140625 0.028125
10 0.56484375 0.434375 0.0375 0.0515625
10 0.72734375 0.496875 0.021875 0.040625
10 0.77890625 0.2484375 0.0171875 0.059375
10 0.35703125 0.875 0.025 0.0265625
10 0.53359375 0.81328125 0.0078125 0.0671875
10 0.68046875 0.59453125 0.028125 0.05625