10 0.25234375 0.46328125 0.0265625 0.0328125
10 0.42109375 0.15390625 0.1171875 0.1671875
10 0.6390625 0.18515625 0.0328125 0.04375
10 0.66171875 0.359375 0.0296875 0.0421875
10 0.9203125 0.303125 0.0203125 0.03125
10 0.51171875 0.08359375 0.0296875 0.0328125
10 0.665625 0.49140625 0.03125 0.0234375
10 0.68984375 0.63671875 0.0359375 0.040625
10 0.93984375 0.60234375 0.01875 0.0296875
10 0.64296875 0.83671875 0.0453125 0.05625
10 0.81171875 0.984375 0.0296875 0.03125
10 0.88125 0.77578125 0.0328125 0.046875