10 0.51796875 0.3796875 0.0515625 0.0703125
10 0.59375 0.08125 0.0359375 0.0703125
10 0.490625 0.13671875 0.0390625 0.096875
10 0.453125 0.053125 0.00625 0.046875
10 0.06859142812499999 0.85670514375 0.0829082171875 0.8574119046875002 0.09224655312499999 0.8425633187500001 0.09619254687499999 0.82350745625 0.09205817656250001 0.8110253796875 0.0809374875 0.80395845625 0.0684809390625 0.8151667687499999 0.060408724999999996 0.8346252562500001 0.06859142812499999 0.85670514375
10 10 0.6286608671875 0.00010860937500000001 0.629444621875 0.013503428125 0.6370785484375 0.0246159671875 0.63126076875 0.02806203125 0.62066870625 0.0267877578125 0.6031741015625001 0.0204652953125 0.5930092859375 0.0094306453125 0.58882663125 10 0.615329628125 10 0.6286608671875
10 0.19630375 0.5872882421875 0.203876034375 0.5762935546875 0.20664194375 0.5555120546875 0.1950992140625 0.5469084984375 0.1802824953125 0.5546655390625 0.1728822875 0.5714287609375 0.1827450046875 0.58677048125 0.19630375 0.5872882421875
10 0.554960828125 1 0.556481415625 0.99567140625 0.5565430015625 0.9599015671875 0.5643489500000001 0.9189055734375 0.560722659375 0.9108443984375001 0.55011005 0.9081983781249999 0.53832550625 0.9167114234374999 0.5326053109375 0.9267364812500001 0.5112363734375001 1 0.554960828125 1
10 0.7484375 0.628125 0.053125 0.1015625
10 0.459375 0.5125 0.01875 0.046875
10 0.8578125 0.975 0.05 0.05
10 0.478125 0.68515625 0.0453125 0.1