10 0.12487192031250001 0.32934019375 0.1312641203125 0.316619871875 0.13344406250000002 0.30141790468749996 0.1229953796875 0.29165571562500003 0.11348496562499999 0.300735765625 0.10827285 0.3151817265625 0.111735215625 0.33035906875 0.11712755781249999 0.33456634687500003 0.12487192031250001 0.32934019375
10 0.2642237125 0.16368740312500002 0.278118459375 0.1628575296875 0.286698753125 0.14781994375000002 0.2910586359375 0.1174160125 0.2859941453125 0.0989763984375 0.281867925 0.0993790234375 0.275053684375 0.1105627140625 0.2597451875 0.1396682578125 0.2571432046875 0.1533335890625 0.2642237125 0.16368740312500002
10 10 0.2951173859375 0.0067044578125 0.29160738125 0.01426859375 0.26772799062499997 0.0118142359375 0.2485077484375 0.0080240171875 0.247562740625 10 0.2598746171875 10 0.2951173859375
10 0.03413444375 0.059242293749999994 0.0391744828125 0.0390277984375 0.034196031249999995 0.023472453125 0.0233334578125 0.02505833125 0.0123069578125 0.03376038125 0.007008803125 0.045322071874999995 0.0108071703125 0.0591517828125 0.022685903125 0.06640770625 0.03413444375 0.059242293749999994
10 0.3131920265625 0.41939494843749997 0.31932611093749996 0.39802182343750003 0.31796579999999997 0.3776429515625 0.3064230703125 0.36903939375 0.29380259531249997 0.3873638734375 0.287582471875 0.40585273125 0.28868466875 0.41757880312499995 0.2952570953125 0.4235117171875 0.3131920265625 0.41939494843749997
10 0.403125 0.85234375 0.0234375 0.0359375
10 0.23828125 0.78828125 0.0359375 0.0671875
10 0.0515625 0.8453125 0.0359375 0.0625
10 0.25234375 0.54609375 0.0359375 0.0796875
10 0.075 0.5625 0.0296875 0.053125
10 0.8400723093749999 0.4890625 0.8413826671875 0.49573230312499994 0.84635296875 0.49840294687500003 0.8381947171874999 0.51497716875 0.8452670734375 0.51244628125 0.8559657203125 0.51797656875 0.8629520390625001 0.5125614140625 0.8681641546875 0.49811545625000003 0.8630217765625 0.48967627656249996 0.858559553125 0.4914265359375 0.8587423515625 0.4890625 0.8400723093749999 0.4890625
10 0.9060346421875 0.7623482203125 0.91404526875 0.778659571875 0.92271975 0.7793909546875 0.9364342718749998 0.75990784375 0.944490184375 0.7146799500000001 0.942965946875 0.7014172453125 0.9198107499999999 0.7070952687500001 0.908206434375 0.7342615515625 0.9060346421875 0.7623482203125
10 0.6195689734375 0.6970589109375 0.6232894531250001 0.7208890562500001 0.637356278125 0.7258277171875 0.65031275625 0.7061556046874999 0.6560248 0.68324584375 0.65221013125 0.6436467296874999 0.640995253125 0.6208108375 0.6364469921875 0.619676828125 0.6242485578125 0.6395379421875 0.6195689734375 0.6970589109375