10 0.20625 0.28984375 0.025 0.0359375
10 0.3890625 0.21171875 0.025 0.028125
10 0.21171875 0.12734375 0.0203125 0.034375
10 0.07109375 0.39453125 0.1296875 0.1296875
10 0.95 0.1171875 0.0296875 0.0421875
10 0.221875 0.6140625 0.028125 0.0390625
10 0.071875 0.5578125 0.0234375 0.028125
10 0.09140625 0.83515625 0.0203125 0.0234375
10 0.30078125 0.92265625 0.03125 0.046875
10 0.44921875 0.8875 0.0390625 0.078125
10 0.7381073859375 0.9497816765625 0.7403329921875 0.9677675375 0.7467527765625 0.9791822265625001 0.7633780437500001 0.9784882515625 0.7715797578125001 0.96822541875 0.766040409375 0.9083463921875001 0.7586698015625 0.8999736406250001 0.7533205578125 0.9011106578125 0.7435904875 0.9116983515625 0.7381073859375 0.9497816765625
10 0.78125 0.46328125 0.03125 0.0078125