10 0.20390625 0.453125 0.0234375 0.0484375
10 0.14609375 0.2375 0.028125 0.065625
10 0.1 0.16640625 0.0203125 0.040625
10 0.24609375 0.20546875 0.0296875 0.1203125
10 0.30234375 0.1 0.0203125 0.0421875
10 0.44140625 0.3453125 0.021875 0.0359375
10 0.6453125 0.03828125 0.040625 0.0765625
10 0.79375 0.37890625 0.04375 0.0671875
10 0.2640625 0.675 0.0390625 0.059375
10 0.39140625 0.890625 0.0421875 0.0609375
10 0.22890625 0.96328125 0.0359375 0.05625
10 0.88046875 0.6359375 0.0421875 0.0609375
10 0.71796875 0.70859375 0.0359375 0.05625