10 0.3470836140625 0.21529569375 0.3529810015625 0.22333139375000002 0.357662078125 0.22308606874999998 0.3632493125 0.21027610000000002 0.35330564999999997 0.199670865625 0.3470836140625 0.21529569375
10 0.6125 0.0546875 0.03125 0.0671875
10 0.940625 0.8265625 0.01875 0.034375
10 0.76328125 0.81328125 0.025 0.0640625
10 0.6015625 0.92265625 0.025 0.0609375
10 0.70546875 0.57734375 0.021875 0.078125
10 0.54140625 0.64609375 0.0203125 0.0515625
10 0.58671875 0.43671875 0.0203125 0.0609375
10 0.475 0.771875 0.0171875 0.028125
10 0.4484375 0.99140625 0.0125 0.0171875
10 0.34296875 0.421875 0.0171875 0.028125