10 0.7609375 0.17890625 0.0515625 0.1015625
10 0.44453125 0.19296875 0.028125 0.046875
10 0.55390625 0.33671875 0.040625 0.078125
10 0.615625 0.01328125 0.040625 0.0265625
10 0.19296875 0.8390625 0.046875 0.0609375
10 0.2140625 0.47734375 0.040625 0.0359375
10 0.23515625 0.625 0.0296875 0.04375
10 0.7546875 0.565625 0.0296875 0.040625
10 0.60078125 0.515625 0.025 0.028125
10 0.63828125 0.80078125 0.0203125 0.0234375
10 0.84921875 0.86953125 0.0328125 0.046875
10 0.98828125 0.83125 0.0234375 0.078125