10 0.275 0.29765625 0.046875 0.0234375
10 0.30859375 0.05078125 0.03125 0.06875
10 0.22109375 0.10390625 0.0296875 0.096875
10 0.00703125 0.2359375 0.0140625 0.034375
10 0.1578125 0.10546875 0.0234375 0.0453125
10 0.943037853125 0.06817341875 0.9436145859374999 0.0795143765625 0.95002728125 0.0889672578125 0.966111721875 0.087296178125 0.9726969421874999 0.0756833609375 0.9736410984375 0.0547398765625 0.9689889375 0.044159634375 0.9572946421874999 0.0380888375 0.9471883562500001 0.051956376562499997 0.943037853125 0.06817341875
10 0.6796875 0.25216775937499997 0.6811977015624999 0.2531004640625 0.6929670734375 0.2437149375 0.696877934375 0.21902272812499998 0.6942035765625 0.2059433375 0.6796875 0.188250071875 0.6796875 0.25216775937499997
10 0.2835973296875 0.6812971812499999 0.2497126609375 0.7054606109374999 0.24346453124999998 0.7199392203125 0.23738096875 0.758349321875 0.243261675 0.776155153125 0.2540868890625 0.787713109375 0.2681935265625 0.7885411796875 0.28999410625 0.780744440625 0.298339859375 0.7680042625 0.29516384375000004 0.7281275859375 0.29683488750000003 0.687612409375 0.2835973296875 0.6812971812499999
10 0.8831434734375 0.4312910828125 0.8626912578124999 0.450550996875 0.8797118953125 0.47293362187500004 0.8904923640625 0.46479767031249997 0.8954145 0.44870284062500004 0.892522871875 0.43699523906250004 0.8831434734375 0.4312910828125
10 0.9522054624999999 0.7094077249999999 0.9545954328124999 0.6943180421875 0.9488345484374999 0.68074979375 0.936922984375 0.676050784375 0.92913159375 0.690284965625 0.924883640625 0.7121113828125 0.9276778203125 0.7294283546875 0.9442942500000001 0.7194043234375 0.9522054624999999 0.7094077249999999
10 0.7721358796875 0.8974425453125001 0.7756122015625 0.8754939171875 0.7743612859375 0.858421371875 0.7699263937499999 0.8464693406249999 0.75417904375 0.8510062156250001 0.7464547703125 0.8947812593750001 0.75530218125 0.9088383656250001 0.76576793125 0.9076835734375 0.7721358796875 0.8974425453125001