10 0.27085808437500003 10 0.270500234375 0.02841544375 0.274786646875 0.061619410937499994 0.2815175546875 0.0752817171875 0.2934230515625 0.08042491093750001 0.3151877828125 0.0768853984375 0.35428541875 0.032438278125 0.35409662656249996 10 0.27085808437500003 0
10 0.1514609375 0.014814656249999999 0.14267330625000002 0.031798353125 0.1428134921875 0.05819843125 0.1525653234375 0.09121154218750001 0.156798034375 0.145263415625 0.18129286093750002 0.15274645 0.1945175484375 0.15089489843749998 0.21350371406250002 0.134944796875 0.2167774546875 0.1167639140625 0.21366481718750002 0.07240107500000001 0.2169870296875 0.055608234374999996 0.21674990156249999 0.0264320703125 0.2030404984375 0.014403193750000001 0.1514609375 0.014814656249999999
10 0.111157340625 0.3605676578125 0.10564345 0.35937047187500004 0.0946589109375 0.3806000921875 0.09680211718750001 0.3972020765625 0.108707615625 0.40234526718749997 0.1176406609375 0.3895257 0.118572078125 0.3714266140625 0.111157340625 0.3605676578125
10 0.9000509578125 0.2496843171875 0.8871275578125001 0.2153922234375 0.8759058921874999 0.2074456796875 0.86341350625 0.2078819234375 0.8459888890624999 0.22377749531250002 0.8374920875 0.2490894484375 0.8342131171875 0.2895062828125 0.83591485 0.31585182968750003 0.847669703125 0.3390668453125 0.85489055625 0.344373628125 0.8931000156250001 0.3416495890625 0.8983715468749999 0.3359065625 0.9057482734375 0.3009055734375 0.9021404625 0.2871342078125 0.9000509578125 0.2496843171875
10 0.30859375 0.50859375 0.0171875 0.034375
10 0.12890625 0.48046875 0.0140625 0.0265625
10 0.221875 0.61484375 0.01875 0.05
10 0.10546875 0.603125 0.0171875 0.0265625
10 0.0078125 0.4546875 0.015625 0.0375
10 0.453125 0.9171875 0.0203125 0.0359375
10 0.633245234375 1 0.629398578125 0.9864974140625 0.6256021109375001 0.944937925 0.619894334375 0.9381885687499999 0.608963496875 0.93857028125 0.5999819796875 0.9500018062500001 0.5972466562500001 0.9612152109375 0.597070315625 1 0.633245234375 1
10 0.721875 0.61484375 0.034375 0.0984375
10 0.93125 0.9421875 0.03125 0.0984375