10 0.52734375 0.43125 0.040625 0.0640625
10 0.31953125 0.08984375 0.028125 0.046875
10 0.46171875 0.1265625 0.0390625 0.0921875
10 0.4 0.19765625 0.034375 0.065625
10 0.34296875 0.15703125 0.03125 0.0578125
10 0.81875 0.45859375 0.05 0.0703125
10 0.1375 0.6734375 0.040625 0.0515625
10 0.35625 0.95390625 0.0375 0.0546875
10 0.1703125 0.82890625 0.0296875 0.04375
10 0.41875 0.79140625 0.0203125 0.03125
10 0.609375 0.74609375 0.034375 0.0453125
10 0.62890625 0.92265625 0.0296875 0.04375
10 0.89609375 0.86015625 0.0203125 0.03125