10 0.0671875 0.3828125 0.0328125 0.08125
10 0.1546875 0.184375 0.028125 0.0578125
10 0.15625 0.02421875 0.025 0.0484375
10 0.9770940187499999 0.08977460937500001 0.9667862968750001 0.10002635468750001 0.9627047906249999 0.110822821875 0.952691853125 0.18941587499999998 0.9639337890625 0.204341359375 0.9810558859375 0.20583934843749999 0.9940615890625001 0.1916410640625 0.9970707390625 0.17517399843749998 0.99153593125 0.1398349109375 0.9928325890625 0.098122528125 0.9879898984375 0.090727875 0.9770940187499999 0.08977460937500001
10 0.74375 0.26796875 0.021875 0.0703125
10 0.61875 0.04921875 0.025 0.04375
10 0.4140625 0.92421875 0.040625 0.090625
10 0.39140625 0.696875 0.0328125 0.0765625
10 0.2171875 0.73125 0.0421875 0.078125
10 0.290625 0.5296875 0.021875 0.059375
10 0.2359375 0.98984375 0.0375 0.0203125
10 0.13203125 0.84921875 0.025 0.0375
10 0.4140625 0.5234375 0.0171875 0.0421875
10 0.8859375 0.85703125 0.040625 0.090625
10 0.86328125 0.6296875 0.0328125 0.0765625
10 0.6890625 0.6640625 0.0421875 0.078125
10 0.70859375 0.94765625 0.0375 0.06875
10 0.60390625 0.78203125 0.025 0.0375
10 0.55546875 0.9828125 0.0109375 0.034375