10 0.15703125 0.38359375 0.0421875 0.053125
10 0.2421875 0.0890625 0.05 0.06875
10 0.59140625 0.05703125 0.040625 0.065625
10 0.66015625 0.06796875 0.0296875 0.046875
10 0.53125 0.34375 0.03125 0.0421875
10 0.66875 0.45390625 0.034375 0.0546875
10 0.10625 0.56328125 0.03125 0.0265625
10 0.16875 0.5625 0.03125 0.025
10 0.2171875 0.70546875 0.0375 0.0703125
10 0.01484375 0.87734375 0.0296875 0.0765625
10 0.54609375 0.96796875 0.040625 0.0390625
10 0.80546875 0.928125 0.025 0.0375
10 0.9875 0.9953125 0.025 0.009375