10 0.06484375 0.225 0.034375 0.0796875
10 10 10 10 0.0073129203125 0.0081137265625 0.01847258125 0.023632265625000003 0.015151190625 0.026464532812500004 0.006713873437499999 0.0262300796875 10 10 0
10 0.252620721875 0.244799503125 0.25194212031249996 0.22536690468749998 0.24589504375 0.208901246875 0.237403471875 0.21197725156249997 0.23247123906249997 0.22743657968750003 0.2337367296875 0.2412897421875 0.240322221875 0.25078792031249997 0.24822690625 0.253291353125 0.252620721875 0.244799503125
10 0.8984375 0.42890625 0.025 0.0203125
10 0.8484375 0.2328125 0.021875 0.0421875
10 0.73125 0.0609375 0.01875 0.0578125
10 0.47421875 0.04921875 0.0109375 0.0171875
10 0.6765625 0.27109375 0.021875 0.0640625
10 0.61171875 0.415625 0.01875 0.03125
10 0.03751726875 0.7993674734375 0.050058126562500006 0.8003192734375 0.054451942187500005 0.7918274234375 0.054214814062500005 0.762651259375 0.045044640625 0.7462946640625 0.033090671875 0.7397634281250001 0.02810996875 0.7538347125 0.0292248140625 0.785759696875 0.03751726875 0.7993674734375
10 0.1785936171875 0.5859806562500001 0.1833267328125 0.5872051078125 0.1932344375 0.579910446875 0.19875355781249998 0.5588716828125 0.19202265000000002 0.5452093765624999 0.177726359375 0.5387599359374999 0.1726487125 0.550055134375 0.17259501093750002 0.5709030421875 0.1785936171875 0.5859806562500001
10 0.33950246875 0.492808259375 0.35521489375000004 0.49503904062500004 0.35887640625 0.4879625015625 0.3569807875 0.45606478125 0.3519568421875 0.4465120734375 0.34175830625 0.44547847812499997 0.3352645265625 0.4609923375 0.3344785234375 0.4832555515625 0.33950246875 0.492808259375
10 0.296599309375 0.7416793875 0.29332556875 0.7598602703124999 0.293810284375 0.7737406984375 0.2981019265625 0.7847087140625 0.3084943484375 0.79129448125 0.3170828625 0.7909945640625 0.3228928125 0.7782840562500001 0.3181701546875 0.732587703125 0.31456234375 0.7188163359375 0.3106100015625 0.7175646203125 0.296599309375 0.7416793875
10 0.675 0.7296875 0.0359375 0.0890625
10 0.775 0.9796875 0.025 0.040625
10 0.625 0.50703125 0.0296875 0.0765625
10 0.45625 0.56171875 0.0390625 0.0765625
10 0.51015625 0.84140625 0.0328125 0.0671875
10 0.39296875 0.68984375 0.0078125 0.0359375
10 0.859375 0.746875 0.021875 0.0515625