10 0.1140625 0.246875 0.040625 0.0859375
10 0.05703125 0.4296875 0.040625 0.0546875
10 0.415625 0.409375 0.046875 0.134375
10 0.31953125 0.159375 0.0359375 0.0578125
10 0.15703125 0.0375 0.0328125 0.06875
10 0.28671875 0.01171875 0.0390625 0.0234375
10 0.772684209375 0.03909220625 0.764266865625 0.0363454671875 0.760190725 0.058218921874999996 0.7640495734374999 0.0801035375 0.7713646640625 0.0900962078125 0.777760890625 0.09037869531250001 0.784007634375 0.0808153375 0.772684209375 0.03909220625
10 0.717548853125 0.19580019375 0.7146547171875 0.1793867328125 0.7086372093750001 0.1677549484375 0.69670583125 0.158576253125 0.6883921234375 0.1699143890625 0.6914815921875 0.19193466718750002 0.6997613953125 0.2073984921875 0.71587255 0.208788603125 0.717548853125 0.19580019375
10 0.5960471468749999 0.067104053125 0.587468375 0.031948539062499996 0.5788557 0.023594982812500002 0.5690490765625 0.030965414062500002 0.5678092828125 0.0509284296875 0.57070341875 0.0673418921875 0.5795572734375 0.0770632359375 0.5877334390625 0.07844218750000001 0.5960471468749999 0.067104053125
10 0.4732544734375 0.0550648625 0.46959095624999997 0.038787062500000004 0.459485365625 0.026465803125 0.4484270046875 0.0312363203125 0.445498965625 0.041624815625 0.44738254218750007 0.056806153125 0.45801633593749996 0.0676239609375 0.46850064687500004 0.0685959234375 0.4732544734375 0.0550648625
10 0.9773846328125 0.44066567343749996 0.9730553703125 0.438608409375 0.9680145187499999 0.4550107109375 0.9703804515625001 0.4729276234375 0.976972009375 0.478816928125 0.9838964390625 0.47759596406249993 0.9855727421874999 0.46460755468750004 0.9773846328125 0.44066567343749996
10 0.5799977328125 0.173043675 0.572303921875 0.1744003015625 0.568078296875 0.1864279109375 0.5702489 0.1987380078125 0.58145674375 0.20381333750000002 0.594914940625 0.190157775 0.5896668140625 0.178390328125 0.5799977328125 0.173043675
10 0.22578125 0.92578125 0.0640625 0.134375
10 0.12109375 0.675 0.0359375 0.0578125
10 0.4890625 0.60703125 0.040625 0.0546875
10 0.6640625 0.77109375 0.04375 0.0859375
10 0.85546875 0.609375 0.0640625 0.1