10 10 0.25734955312499996 0.006831115625 0.2621260890625 0.0268829828125 0.24904516562499998 0.034218909375 0.223588325 0.035825384375000005 0.1743796390625 0.005149534375 0.168416859375 10 0.17146635625 10 0.25734955312499996
10 0.19188755625 0.10850292187499999 0.20088158125 0.1031767625 0.199544778125 0.07320434218750001 0.1857406453125 0.070521090625 0.1837448515625 0.10126060156250001 0.19188755625 0.10850292187499999
10 0.1841895390625 0.709375 0.1875584640625 0.683519340625 0.186221659375 0.6535469218750001 0.13743345468749998 0.63840391875 0.12383805156250001 0.6428356609375 0.1186503671875 0.6531463515625 0.11146688906249999 0.6941965546875 0.11054902343749999 0.709375 0.1841895390625 0.709375
10 0.54321288125 0.3496313015625 0.5489305921875001 0.33659386874999997 0.5503119375 0.3212986484375 0.539366659375 0.31209668125 0.53034449375 0.3216620234375 0.5258955640625 0.33636096718749997 0.5301475046874999 0.35133630312499997 0.53575265 0.3552556015625 0.54321288125 0.3496313015625
10 0.6621349140625 0.1636589453125 0.6759671875000001 0.162103015625 0.683748715625 0.1466369796875 0.6865114046875 0.1160465359375 0.6804888 0.09789725 0.67638930625 0.0985152734375 0.6701697125 0.110040265625 0.6564054640625001 0.1399071046875 0.654522234375 0.1536898859375 0.6621349140625 0.1636589453125
10 0.409375 0.30645400624999997 0.41724666875 0.3116259453125 0.4244418875 0.30736501875 0.43074590468749996 0.283122478125 0.42728900156250005 0.2640570265625 0.4234545203125 0.2633116796875 0.4138741875 0.2798429484375 0.4097184125 0.2889393359375 0.409375 0.2924141390625 0.409375 0.30645400624999997
10 0.409375 0.06610468750000001 0.4207167890625 0.072241765625 0.43177463125 0.064487003125 0.4357498171875 0.0440364359375 0.429964084375 0.0287629609375 0.41919939531250006 0.0309151703125 0.409375 0.0395401265625 0.409375 0.06610468750000001
10 0.7224520359375 0.412926759375 0.7274591328125 0.3912618921875 0.7250341375 0.370982140625 0.7130569515625 0.3629944734375 0.7014128015625 0.3819543453125 0.696168834375 0.4007434015625 0.697883215625 0.4123957171875 0.7047571406250001 0.4179765265625 0.7224520359375 0.412926759375
10 0.786151696875 0.5465171421874999 0.7915082296875 0.5107713546875 0.7860437906250001 0.485656140625 0.7700632765625001 0.5023582249999999 0.7625186203125001 0.520700071875 0.7593384703125 0.537060525 0.7658910999999999 0.5524830703125 0.7745638296875 0.556998646875 0.786151696875 0.5465171421874999
10 0.48197285624999997 0.4322102765625 0.4717381921875 0.43163574374999997 0.4676105578125 0.43649295 0.46546231718750003 0.4516391015625 0.4790014359375 0.4556857234375 0.48466286406250003 0.45112665781250005 0.48704797656250004 0.43885631875 0.48197285624999997 0.4322102765625
10 0.33828125 0.78046875 0.040625 0.0828125
10 0.2234375 0.9265625 0.028125 0.0453125
10 0.4642490671875 0.9421678406249999 0.466341025 0.9355000546875001 0.4621172265625 0.9162855343749999 0.4493450015625 0.91238798125 0.4459842640625 0.9173942578125001 0.440475284375 0.9375466843750001 0.44298470312500005 0.9451088875 0.452689340625 0.9484101625000001 0.4642490671875 0.9421678406249999
10 0.6284375531249999 0.73858321875 0.62749006875 0.7270799718750001 0.616809803125 0.7165146328125 0.610674634375 0.7153220765625 0.600355546875 0.72746509375 0.597440409375 0.7424621734375 0.6030174125000001 0.75062065625 0.6206841671875 0.749810071875 0.6284375531249999 0.73858321875