10 0.22421875 0.3953125 0.0296875 0.040625
10 0.2578125 0.39375 0.103125 0.2125
10 0.59765625 0.090625 0.1796875 0.18125
10 0.7125 0.0796875 0.0171875 0.0375
10 0.896875 0.08359375 0.0234375 0.0328125
10 0.80078125 0.33671875 0.028125 0.0390625
10 0.653125 0.27421875 0.0234375 0.0265625
10 0.3015625 0.91484375 0.015625 0.0734375
10 0.12109375 0.88359375 0.03125 0.046875
10 0.0890625 0.61171875 0.025 0.0359375
10 0.88671875 0.89453125 0.0328125 0.0515625
10 0.61640625 0.81640625 0.0265625 0.0375
10 0.4359375 0.61640625 0.03125 0.053125
10 0.615625 0.51015625 0.025 0.0203125
10 0.38828125 0.5203125 0.0203125 0.0359375
10 0.440625 0.87890625 0.015625 0.0203125
10 0.321875 0.82734375 0.025 0.0796875