10 0.383917046875 0.46875 0.38195536875 0.45690782968750004 0.37346111249999997 0.43898597500000003 0.3534322796875 0.416782975 0.339873534375 0.41730073437500004 0.335989128125 0.4340147109375 0.324954478125 0.4381973671875 0.3137559015625 0.4352638546875 0.2988612953125 0.41750637968750004 0.29952515 0.43308634843749994 0.29175633749999996 0.46651430312500003 0.292449234375 0.46875 0.383917046875 0.46875
10 0.9109147343749999 0.454964153125 0.9145410265624999 0.44690297812499996 0.9123610843750001 0.43170101250000004 0.9038586796875 0.4266638625 0.9007404671874999 0.43030413593750005 0.8951063109374999 0.41739481093749997 0.8895500406250001 0.4144859203125 0.890385971875 0.42429735312499994 0.8865957546875001 0.42524236093749995 0.8823056078124999 0.4177235671875 0.8756471421875001 0.4265407484375 0.87900716875 0.440017078125 0.8817893796874999 0.435029171875 0.8875956125 0.44216996249999996 0.8932379203125 0.44219458593749994 0.8938157359375 0.4606588203125 0.8988720765625 0.4551039109375 0.9109147343749999 0.454964153125
10 0.7246545421875 0.23107244374999997 0.73593915625 0.2311216890625 0.7395654484375 0.2230605140625 0.7373855062500001 0.2078585484375 0.7315792734375 0.20071775937499997 0.7233268328125 0.1999125078125 0.7139721953125 0.21083332656249998 0.716238175 0.223151025 0.7246545421875 0.23107244374999997
10 0.24400405625000002 0.5770675921875 0.23759555468750002 0.590116675 0.23725140156250002 0.60165374375 0.253371378125 0.6792248265625 0.2688601 0.6896771328125 0.2855370578125 0.6855190999999999 0.2932116828125 0.667860115625 0.2906957390625 0.65131051875 0.27395719375 0.6196987109375 0.26160298437499996 0.5798367265625 0.254616665625 0.5744215703125001 0.24400405625000002 0.5770675921875
10 0.08984375 0.80234375 0.0328125 0.0703125
10 0.8046875 0.7734375 0.05 0.084375
10 0.7067455015624999 0.5833758125 0.7212343671875 0.576900515625 0.722250525 0.5680587125 0.7121704453125 0.5276297234375 0.7064502515625 0.517604665625 0.6983698875 0.51103088125 0.6915474953125 0.5127318937500001 0.6864911546875 0.5182868046875 0.6853029203125 0.53289714375 0.6942889531249999 0.5721675 0.7067455015624999 0.5833758125
10 0.566577184375 0.6412262234374999 0.560607025 0.626969265625 0.55362070625 0.6215541109375 0.5462902359374999 0.6276760265625 0.5421558656250001 0.640158103125 0.5436638015625 0.652664803125 0.5530021390625001 0.6675133890625 0.5626067390625 0.66082446875 0.566577184375 0.6412262234374999
10 0.682370384375 0.9086571546875 0.6712741484375 0.8770699703125 0.654613490625 0.855458596875 0.65191731875 0.8575622359375 0.6517207921875 0.9019848796875 0.6545727390625 0.919882109375 0.6734214875 0.9438107453125 0.681518153125 0.9246151265624999 0.682370384375 0.9086571546875
10 0.99296544375 0.7539210859375001 0.9882614078125 0.7350542250000001 0.9789230718749999 0.7202056390625 0.9712565968749999 0.724979921875 0.9696463218750001 0.7411268953125 0.9737643921875 0.7544142234375 0.9821807578125 0.7623356421875 0.9904331984375 0.7631408937499999 0.99296544375 0.7539210859375001
10 0.536240546875 1 0.535699378125 0.9953256187499999 0.530987190625 0.9893434593750001 0.523153484375 1 0.536240546875 1
10 0.973863784375 1 0.9738612265625001 0.9991608171875 0.9675632140625 0.9706715234375001 0.9568727171875 0.963317109375 0.9500503250000001 0.9650181218749999 0.9448219078125 0.9763415671875 0.94615776875 0.994616803125 0.9474999499999999 1 0.973863784375 1