10 0.31997590468750003 0.11527491406249998 0.30883023125000003 0.1121464078125 0.30541594375000003 0.1286143046875 0.310102425 0.1489136796875 0.31869169375 0.1583340703125 0.32402027968749997 0.15710386875 0.32743456718749997 0.14063597187500002 0.31997590468750003 0.11527491406249998
10 1 0.3968033515625 0.9989215734375 0.39467778125 0.9872649328125 0.3546062578125 0.9803741859375 0.3490699984375 0.9697170125 0.3515304015625 0.96308175 0.364465653125 0.9625363 0.37599495781250003 0.9773000187499999 0.45383555937500003 0.9926039640625 0.46455658906249997 1 0.4628490796875 1 0.3968033515625
10 0.684375 0.259375 0.0421875 0.0828125
10 0.70703125 0.04375 0.0359375 0.059375
10 0.6359375 0.434375 0.0296875 0.0453125
10 0.3328125 0.86484375 0.0515625 0.08125
10 0.340625 0.64921875 0.0296875 0.0640625
10 0.0984375 0.678125 0.025 0.034375
10 0.1421875 0.58984375 0.025 0.0390625
10 0.28828125 0.99140625 0.0296875 0.0171875
10 0.4515625 0.60625 0.015625 0.04375
10 0.9203125 0.7953125 0.0484375 0.084375
10 0.8052623406249999 0.55 0.8050268125000001 0.552380896875 0.8133261140625001 0.5918021 0.825585153125 0.6032261015625 0.8401848218750001 0.59700465625 0.8413551359374999 0.588181934375 0.8325401421875 0.55 0.8052623406249999 0.55
10 0.68442855625 0.6586214265625 0.6787081234375 0.6442624484375 0.6718173765625 0.6387261890625 0.66438118125 0.6447192375 0.6600295968750001 0.6571272593749999 0.6613190328125 0.6696583703125001 0.6703968031249999 0.684667671875 0.6801166796875 0.67814739375 0.68442855625 0.6586214265625
10 0.6167612171875 0.789227734375 0.6181870140625 0.798876521875 0.6231065124999999 0.8062933000000001 0.6355985703125 0.8048347031249999 0.639774084375 0.7881910640625 0.6293499296875 0.7777688671874999 0.6167612171875 0.789227734375
10 0.7955368078125 0.928032496875 0.7849935328125 0.8962564671875001 0.7687125828125 0.8743576171875 0.7659801093749999 0.8764138812500001 0.7650083296875 0.9208263296875 0.7675474921875 0.9387706078125 0.7859757578125001 0.9630245546874999 0.7944062000000001 0.9439731640625 0.7955368078125 0.928032496875