10 0.13515625 0.3125 0.040625 0.0875
10 0.0953125 0.028125 0.028125 0.05625
10 0.0140625 0.08046875 0.028125 0.0828125
10 0.57265625 0.28515625 0.0265625 0.0578125
10 0.8078125 0.24453125 0.03125 0.0515625
10 0.634375 0.0953125 0.0265625 0.040625
10 0.88359375 0.0890625 0.0171875 0.0296875
10 0.009375 0.7078125 0.01875 0.059375
10 0.2625 0.9265625 0.0359375 0.06875
10 0.071875 0.97421875 0.040625 0.0515625
10 0.46015625 0.91171875 0.0203125 0.03125
10 0.3578125 0.984375 0.025 0.03125
10 0.25390625 0.5125 0.0203125 0.0328125