10 0.35212066875 0.1279139046875 0.340958671875 0.1372282609375 0.3359517234375 0.14762791875 0.3191270515625 0.225049215625 0.32902536875 0.240897703125 0.3459517515625 0.24388228125000003 0.36014542656250004 0.230871546875 0.364578325 0.21472940937499999 0.3621445828125 0.17904240625 0.36707178125 0.1376017625 0.362892003125 0.12981318125000002 0.35212066875 0.1279139046875
10 0.1046875 0.28515625 0.028125 0.0703125
10 0.00625 0.05625 0.0125 0.04375
10 0.644376784375 0.459375 0.6454003546875 0.45837261875 0.6477204421875 0.4362166765625 0.64013026875 0.42077517656249996 0.6308518484375 0.4149081984375 0.6186792921875 0.4254546796875 0.61486033125 0.459375 0.644376784375 0.459375
10 0.512863390625 0.2742268953125 0.518789203125 0.25411705625000003 0.5150917828125 0.24359289843749998 0.49985364531250004 0.2310337984375 0.4875893953125 0.23310222500000002 0.484212903125 0.2522512640625 0.48800201874999993 0.2712534796875 0.5044918921875 0.2812126625 0.512863390625 0.2742268953125
10 10 0.9658700515625 0.001273803125 0.9687836093750001 0.0051207078125 0.9694619234375 0.0183038234375 0.9576833140625001 0.0214391375 0.9399020640625 0.02125575 0.9229459500000001 0.0121726609375 0.9114721546875 10 0.933752534375 10 0.9658700515625
10 0.20094802656250002 0.875652921875 0.20571379687500002 0.866621053125 0.206299790625 0.8498006015625 0.19341564375 0.8418875218749999 0.18331005312499998 0.8542087796875 0.1826782125 0.866790203125 0.186088609375 0.8744431203125 0.20094802656250002 0.875652921875
10 0.20072456875000003 0.5709855359375 0.188896828125 0.56607935625 0.174990178125 0.5819613312499999 0.176138278125 0.593446290625 0.1854166984375 0.5993132703125 0.20042559999999998 0.590677228125 0.20072456875000003 0.5709855359375
10 0.358808684375 0.9161808468749999 0.3714975 0.9297007453125001 0.3792949484375 0.9169724984375 0.3870584921875 0.8774422953125001 0.3825458421875 0.8625434453124999 0.3714874828125 0.8577729281250001 0.3621512734375 0.8702298500000001 0.3540548578125 0.9026497875 0.358808684375 0.9161808468749999
10 0.8851574578125 0.7995350531250001 0.8864669859374998 0.7786112359375 0.8820001828125001 0.767951415625 0.8753169312499999 0.7653626640625 0.8671866125000001 0.77098064375 0.8617890015625 0.792593934375 0.8654864234375002 0.8031180921875001 0.8747648421874998 0.8089850734375 0.8851574578125 0.7995350531250001
10 0.6796373593749999 0.7169126296874999 0.6816126312499999 0.7102093484375 0.6770541343750001 0.6910714718750001 0.664215834375 0.68739741875 0.6609429796875 0.6924615843749999 0.655786546875 0.7127070874999999 0.6584275625 0.72022434375 0.6681883375 0.723355746875 0.6796373593749999 0.7169126296874999
10 0.7171022218750001 0.5389241671875 0.719272825 0.5266140703125 0.71581658125 0.5147221234375 0.7104309140625 0.513772484375 0.7010488578125 0.521990378125 0.6981547203125 0.538403840625 0.7036320828125 0.5478315359375 0.7107976890625001 0.5476847125 0.7171022218750001 0.5389241671875
10 0.5470370703125 0.69212130625 0.552675859375 0.6691402265624999 0.54763500625 0.6527379265625 0.5355660859375 0.649199534375 0.5274816140625 0.6590565421875001 0.52078641875 0.67903071875 0.52376030625 0.6936582437500001 0.53842439375 0.7004748624999999 0.5470370703125 0.69212130625
10 0.83341051875 0.509287934375 0.8322624187500001 0.49780297500000004 0.821399390625 0.487425640625 0.8152443421875001 0.486340340625 0.8051387515625 0.49866159843749996 0.8024857921875 0.5137072734375 0.8082043328124999 0.5217671796875 0.8258542500000001 0.5206483921875 0.83341051875 0.509287934375
10 0.59541549375 0.8316542968749999 0.5917061296874999 0.84369306875 0.5938647890625 0.8539459015624999 0.6000198375 0.8550312015625 0.613202953125 0.84325259375 0.6046022203125 0.8290432203125 0.59541549375 0.8316542968749999