10 0.8898397453125 0.20425762500000003 0.90113261875 0.2000723953125 0.9060094156249999 0.1756851734375 0.9004671390624999 0.14977861406249998 0.89152803125 0.14108096406249998 0.878345778125 0.1426995421875 0.872551778125 0.1532061890625 0.874386184375 0.1809673375 0.8778973046875 0.190331459375 0.8898397453125 0.20425762500000003
10 0.7352724546875 10 0.7348562609375 0.0054598468749999995 0.7357734640625 0.019340420312500002 0.751860675 0.0285597125 0.762744134375 0.01462951875 0.7619226593749999 10 0.7352724546875 0
10 0.64488949375 0.25641188125 0.6494986515625001 0.236255478125 0.6428424234375 0.20768705937499998 0.6254011078125 0.187439475 0.61849315625 0.1952842609375 0.6222878296875 0.2325999515625 0.6288731703125 0.25418048125000003 0.6365290625 0.2588377328125 0.64488949375 0.25641188125
10 0.3921875 0.70546875 0.040625 0.0828125
10 0.317906475 0.5051579203125 0.3330764828125 0.5004966390625001 0.3351626125 0.4918445796875 0.330084721875 0.4504884890625 0.3256289125 0.439841040625 0.31840992031250004 0.43233150625 0.31143108124999996 0.43318840000000003 0.30573545625 0.43808569375 0.3027755265625 0.45244231875 0.306908725 0.49251508125 0.317906475 0.5051579203125
10 0.185377353125 0.3296875 0.1878642578125 0.349941715625 0.1935323953125 0.3576416703125 0.19879111875 0.3555966609375 0.2013141484375 0.34409231875 0.19954545937499998 0.3296875 0.185377353125 0.3296875
10 0.17173275937500002 0.5454949015625 0.1675445875 0.5306166359375 0.16127028593749998 0.524390425 0.15324838125 0.5295733499999999 0.1476236453125 0.541458534375 0.1475961578125 0.55405578125 0.1550553015625 0.5699317453124999 0.1654034859375 0.5644631890625 0.17173275937500002 0.5454949015625
10 0.0907840328125 0.668312571875 0.091193446875 0.6780575375 0.09531073125 0.6859479140625 0.10788682187500001 0.6858030828125 0.1137791953125 0.6696870796875001 0.1045015625 0.65823235625 0.0907840328125 0.668312571875
10 0.2540712234375 0.8250440843749999 0.24690720625 0.7923400546875 0.2330044984375 0.768859346875 0.2300720546875 0.7706187265625 0.22446323437500001 0.8146862984375 0.2251127984375 0.8327976906250001 0.24090488593749998 0.85884505 0.25128055625 0.8407792468749999 0.2540712234375 0.8250440843749999
10 0.5812087375 0.7093134125 0.57883905625 0.6900139046875 0.5713799140625 0.674137940625 0.563188746875 0.6779423281250001 0.5596226515625 0.6937727015625 0.5620907093749999 0.7074628546875 0.5694789625000001 0.7163509250000001 0.57757175625 0.71815589375 0.5812087375 0.7093134125
10 0.0835366703125 0.8977579062500001 0.089444959375 0.9138242906249999 0.0952114734375 0.915914890625 0.097805390625 0.9113984390625 0.0979312515625 0.8931918359375001 0.0939832296875 0.8866799953125 0.0835366703125 0.8977579062500001
10 0.5164576828125 0.9747385765625001 0.5296399359375 0.9731199984375 0.5323597140625 0.9503969453125001 0.5295806187500001 0.9213524718749999 0.519866084375 0.9127500312500001 0.51288724375 0.9136069250000001 0.50631781875 0.924208784375 0.5054165312500001 0.9425105984375 0.5071091609375 0.9562959625000002 0.5164576828125 0.9747385765625001
10 0.9089154031250001 1 0.9151011109375 0.9665742140625 0.9128023171875 0.9542625984375 0.9052448 0.943995990625 0.8907793312500001 0.9415741703125 0.8606244937499999 0.9844576546875 0.861797553125 1 0.9089154031250001 1
10 0.7635182078125 0.841056378125 0.769721621875 0.8402946937500001 0.7815497718750001 0.8276478265625 0.7949562609375 0.802213290625 0.7729057875 0.8021221093750001 0.7604280734375 0.7966575828125 0.7534217468750001 0.810111725 0.7540713109375 0.8282231187499999 0.75724390625 0.8348301671874999 0.7635182078125 0.841056378125
10 0.8653030812499999 0.6956234421875 0.86510633125 0.706842153125 0.8754270296875 0.7139708468749999 0.8850981625 0.702988146875 0.88296863125 0.6920550656250001 0.8768635937500001 0.68720739375 0.8653030812499999 0.6956234421875