10 0.28203125 0.58984375 0.0140625 0.0921875
10 0.2765625 0.3609375 0.025 0.078125
10 0.1078125 0.38984375 0.0453125 0.078125
10 0.1890625 0.190625 0.0234375 0.0625
10 0.19375 0.03984375 0.021875 0.05625
10 0.021875 0.06640625 0.021875 0.0375
10 0.01796875 0.5046875 0.0265625 0.0390625
10 0.0796875 0.040625 0.04375 0.08125
10 0.692946353125 0.47362375312499994 0.6831768453125 0.457031696875 0.6736040875 0.451658353125 0.6372414921875 0.48497520625 0.6346750609375 0.493056003125 0.6300340734375001 0.537264375 0.636024821875 0.558989734375 0.6455266921874999 0.5713509718750001 0.666195575 0.5696908328125 0.6955359265625 0.5551022265625 0.7012040640625 0.5474022703125 0.697441221875 0.5203531859375 0.6988662125 0.5023370046875 0.692946353125 0.47362375312499994
10 0.280446353125 0.725186253125 0.2706768453125 0.708594196875 0.2611040875 0.703220853125 0.2247414921875 0.73653770625 0.2221750609375 0.744618503125 0.21753407343750003 0.788826875 0.22352482187499997 0.810552234375 0.2330266921875 0.822913471875 0.253695575 0.8212533328125 0.2830359265625 0.8066647265625001 0.2887040640625 0.7989647703125 0.284941221875 0.7719156859374999 0.2863662125 0.7538995046875 0.280446353125 0.725186253125
10 0.75857379375 0.8666973625000001 0.762691078125 0.8588069875000001 0.7639468078125 0.842169340625 0.7591683859375 0.823391475 0.764246275 0.7820353843750001 0.7696901765625 0.7505194703125 0.783396134375 0.7158200499999999 0.7859350796875 0.69514200625 0.7828767734375 0.6751760250000001 0.7639988953125 0.6686601546875 0.7438652890624999 0.67878193125 0.7264514609375 0.7116267625 0.6774968609375 0.7769811734375 0.668766075 0.8416771687500001 0.67216290625 0.8588860781250001 0.6809877234374999 0.8767614609375001 0.6882342015624999 0.8818491734375 0.71338638125 0.882138834375 0.729135065625 0.8756766140625001 0.7403020796875001 0.8616552390625 0.75857379375 0.8666973625000001