10 0.4890625 0.40400053593749996 0.48743930156250004 0.4019140484375 0.461521434375 0.3898563 0.44160130000000003 0.40248462968750004 0.4346398671875 0.418336721875 0.429227115625 0.45123692968749995 0.441413096875 0.4655724015625 0.47661472656250004 0.4789348984375 0.4890625 0.47414303125 0.4890625 0.40400053593749996
10 0.91484375 0.4859375 0.034375 0.0515625
10 0.77578125 0.015625 0.0265625 0.03125
10 0.67578125 0.31640625 0.021875 0.0359375
10 0.56484375 0.0578125 0.0265625 0.046875
10 0.04609375 0.94609375 0.03125 0.040625
10 0.0609375 0.86328125 0.1109375 0.125
10 0.78984375 0.94453125 0.025 0.0359375
10 0.67890625 0.6953125 0.0296875 0.0515625
10 0.88671875 0.64609375 0.0234375 0.0328125
10 0.60234375 0.959375 0.015625 0.0203125
10 0.5109375 0.8578125 0.04375 0.078125