10 0.3390625 0.011275846874999999 0.3262941578125 0.0110434828125 0.31027376093750003 0.026891492187499998 0.3038618375 0.06350995000000001 0.2774988703125 0.14079349218749998 0.2891875609375 0.20502100156249997 0.297735984375 0.22033796875 0.3116526828125 0.2346114484375 0.32011668125 0.237210865625 0.3390625 0.23129531874999998 0.3390625 0.011275846874999999
10 0.3875 0.26328125 0.0421875 0.0859375
10 0.34609375 0.44765625 0.0140625 0.0546875
10 0.7 0.42109375 0.065625 0.1359375
10 0.590625 0.17265625 0.0375 0.0578125
10 0.42578125 0.05390625 0.0328125 0.06875
10 0.55390625 0.01875 0.0390625 0.0375
10 0.0171875 0.86171875 0.034375 0.0921875
10 0.1875 0.84609375 0.0296875 0.0546875
10 0.34962305 1 0.3549812296875 0.9895832500000001 0.3548405234375 0.9683873359374999 0.350419734375 0.957927575 0.3390625 0.95231350625 0.3390625 0.9577232765625 0.3460217203125 1 0.34962305 1
10 0.839863721875 0.8104385828125 0.8112235484374999 0.8145907843749999 0.7992463625 0.82257845 0.79885704375 0.841047621875 0.8107263234375001 0.8939209546875 0.8132802828125001 0.9316263906250001 0.8182873796875001 0.9532912609374999 0.8299033874999999 0.968011946875 0.845506325 0.966393928125 0.852352109375 0.9565739375 0.8550702578125 0.9418967390624999 0.8534238999999999 0.9252381468750001 0.8437872859375 0.9002285140625 0.8542705609375 0.8599888953124999 0.8506565515624999 0.8168299749999999 0.839863721875 0.8104385828125