10 0.4295735328125 0.029110421874999997 0.415222353125 0.053261634375 0.4377531296875 0.0700856703125 0.44587340781249996 0.0592933921875 0.4461685328125 0.0424653234375 0.44016186875 0.032008296874999995 0.4295735328125 0.029110421874999997
10 0.7111177843750001 0.2336692390625 0.7188720500000001 0.232717134375 0.7220721328125 0.2267269375 0.719363925 0.20467035625 0.7106215671875 0.1847539953125 0.6993286921874999 0.188939225 0.6950855468749999 0.1992554515625 0.6965814265625 0.22425952656249998 0.6994154953124999 0.2281095046875 0.7111177843750001 0.2336692390625
10 0.56798535 0.2966438265625 0.5661234578125001 0.2814799265625 0.556845825 0.270025203125 0.544100471875 0.268791496875 0.540534378125 0.28462187031249997 0.5424671578125 0.30677366093749997 0.5499263015625 0.322649625 0.563136040625 0.3084338 0.56798535 0.2966438265625
10 0.6907487734375 0.4890625 0.6899700875000001 0.48378986875 0.680790828125 0.46672578906249995 0.6677503515625001 0.48232015156249997 0.6660076609375001 0.4890625 0.6907487734375 0.4890625
10 0.430692453125 0.4890625 0.4286771515625 0.47264919218749996 0.4227688625 0.45658280781249994 0.4152113453125 0.44631620156249996 0.401324553125 0.45501787968749996 0.40489855312499995 0.4890625 0.430692453125 0.4890625
10 0.135238296875 0.7879359765625 0.11672643125 0.7846116703125 0.1039535921875 0.7959752124999999 0.082580171875 0.8013981765625001 0.07911245156249999 0.81161919375 0.0866468265625 0.911445071875 0.0966015125 0.9284139406249998 0.11036244218749999 0.9379188640624999 0.1491337765625 0.9331583421874999 0.16001723750000002 0.9192281484375 0.156588575 0.8720722828125 0.146236046875 0.800578815625 0.135238296875 0.7879359765625
10 0.73046875 0.79921875 0.04375 0.0671875
10 0.696875 0.56875 0.0296875 0.06875
10 0.6296875 0.64765625 0.0234375 0.0609375
10 0.91903683125 0.9398779609375 0.9070669046875001 0.9385490453124999 0.9003991031249999 0.9547602578125 0.9032765749999999 0.9781953765625001 0.907224596875 0.9847072156250001 0.9135972718750001 0.98532406875 0.9194896468749999 0.969208065625 0.91903683125 0.9398779609375
10 0.56796875 0.64453125 0.021875 0.0453125