10 0.4004432828125 0.5890625 0.39979999374999997 0.5798739453125 0.39356094375 0.568299425 0.3844994328125 0.563488940625 0.378365815625 0.5728059984375 0.37668726874999997 0.5890625 0.4004432828125 0.5890625
10 0.278392828125 0.255336675 0.2798503625 0.24569263281249998 0.2760462375 0.2328960984375 0.2700052296875 0.22968910937499998 0.2629953828125 0.240337175 0.26066161718749997 0.25131222656249996 0.2700180546875 0.2631047359375 0.278392828125 0.255336675
10 10 0.4516930421875 0.00297705625 0.45327347187499994 0.010378714062499999 0.448221925 0.0102775546875 0.4384688875 0.00296850625 0.43099638906250004 10 0.43489665468750005 10 0.4516930421875
10 0.76015625 0.1375 0.040625 0.065625
10 0.6375 0.40625 0.0484375 0.1296875
10 0.48125 0.078125 0.0203125 0.0328125
10 0.93019800625 0.3452492296875 0.9187015703124999 0.34166076093750003 0.9090630296875 0.356301853125 0.9074160031249999 0.37985544843749997 0.9100489703125 0.387000965625 0.9161868609375 0.38882245000000004 0.9250460546875001 0.374126859375 0.93019800625 0.3452492296875
10 0.53359375 0.19296875 0.01875 0.0375
10 0.1020095875 0.9870775296875 0.10434335312500001 0.9761024781250001 0.0975144484375 0.9505639078125 0.08874359062500001 0.9415969078125 0.084560478125 0.9566194812500001 0.082327871875 0.9773475671874999 0.08554641874999999 0.9873185921875001 0.0993808953125 0.9910705546875 0.1020095875 0.9870775296875
10 0.0932881671875 0.8043883296875001 0.10068982500000001 0.7993367843750001 0.10524764843750001 0.7453565609374999 0.1029053328125 0.7340545281249999 0.0926769375 0.73473156875 0.0891720140625 0.7400556015624999 0.07905332968749999 0.772762765625 0.077208259375 0.7879488296874999 0.08247419375000001 0.8022398625000001 0.0932881671875 0.8043883296875001
10 0.6734375 0.97578125 0.0375 0.0484375
10 0.6921875 0.71953125 0.025 0.090625
10 0.5984375 0.77109375 0.0328125 0.1046875