10 0.3109375 0.41015625 0.015625 0.0171875
10 0.2828125 0.15234375 0.0234375 0.0328125
10 0.16953125 0.35625 0.0296875 0.0375
10 0.1046875 0.190625 0.08125 0.125
10 0.7484375 0.30390625 0.19375 0.2296875
10 0.238817596875 0.86748130625 0.22765559999999999 0.8767956640625 0.2226486515625 0.887195321875 0.21523262656250003 0.9596941484375 0.21572229687500002 0.9804651062499999 0.23264867968749997 0.9834496843749999 0.246842353125 0.9704389499999999 0.25127525156249997 0.9542968125 0.2488415109375 0.9186098093750001 0.25376870937499996 0.8771691656249999 0.24958893125 0.8693805843749999 0.238817596875 0.86748130625
10 0.10078125 0.48515625 0.0265625 0.046875
10 0.14375 0.6640625 0.0375 0.078125
10 0.47890625 0.93125 0.0390625 0.0515625
10 0.64140625 0.88125 0.040625 0.0609375
10 0.53203125 0.675 0.0453125 0.065625