10 0.19765625 0.35234375 0.0328125 0.0328125
10 0.1859375 0.06015625 0.025 0.090625
10 0.03515625 0.021875 0.0171875 0.034375
10 0.1 0.1234375 0.028125 0.0828125
10 0.6625 0.2859375 0.01875 0.0359375
10 0.85390625 0.28515625 0.025 0.0359375
10 0.2084828546875 0.593582865625 0.2142215078125 0.5509490734375 0.210986434375 0.5196169375 0.19787045 0.5186777203124999 0.19319511875 0.5765522421875 0.1947452625 0.598720334375 0.20000264687499997 0.606706384375 0.20536119218749999 0.604939396875 0.2084828546875 0.593582865625
10 0.299294053125 0.5208673609375 0.2986050484375 0.512561859375 0.3014612578125 0.45481454218749995 0.2776301234375 0.45740916406250004 0.2773689140625 0.5112622734375 0.2747316703125 0.5295463328125 0.2810590546875 0.541634403125 0.29305486875 0.5361546390624999 0.299294053125 0.5208673609375
10 0.319750571875 0.8150644437499999 0.335636121875 0.749444625 0.3092214140625 0.71509243125 0.2943874984375 0.794097421875 0.2958857453125 0.80977183125 0.2951990078125 0.8223503765625001 0.30181704374999996 0.8385949640625 0.3124372484375 0.8336754859374998 0.319750571875 0.8150644437499999
10 10 0.7635685515625 0.0047679921875 0.763763403125 0.0114957375 0.7479778687499999 0.0006631656250000001 0.7143924375 10 0.7160977265625 10 0.7635685515625
10 0.108382634375 0.76394345625 0.113067265625 0.7413393890625001 0.106651546875 0.7055887296875 0.09740054218750001 0.6964896578124999 0.08356606562499999 0.7002416203124999 0.081518678125 0.7045616296875 0.087538309375 0.7570473515625 0.0935750421875 0.7649789046875 0.108382634375 0.76394345625
10 0.12388697500000001 0.5526249453125 0.124855815625 0.5664800015625 0.13410681875 0.575579071875 0.14141586875 0.5681065703125 0.14453753125 0.5567500390625 0.135581453125 0.5406689453125 0.12388697500000001 0.5526249453125
10 0.12252698749999999 0.45850906875 0.12320089999999999 0.47934615156250004 0.1333913 0.52225835625 0.1466392203125 0.517619221875 0.135287190625 0.46179363125000006 0.1293473421875 0.4552475828125 0.12252698749999999 0.45850906875