10 10 0.1991555109375 0.0051974765625 0.1999091125 0.0031999453125 0.21827407187499998 0.008980171875 0.21347692812500002 0.020925081249999998 0.2150145453125 0.025637981250000004 0.2075365046875 0.025594959374999997 0.19217909375 0.017876334375 0.1860076578125 0.014281840625 0.18917853281250002 0.0104991453125 0.17561071718750002 0.0054017890625000006 0.171956853125 0.004864096875 0.181789140625 0.000979246875 0.18219745625 10 0.179737796875 10 0.1991555109375
10 0.1509323125 0.42160443125 0.16403865 0.4341922921875 0.17244014375 0.43191272031250005 0.1786639625 0.4089139421875 0.1707651921875 0.3636583390625 0.164796765625 0.3517167921875 0.14497999687500002 0.3649719328125 0.143366921875 0.3944688 0.1509323125 0.42160443125
10 0.6287901875 0.459375 0.6323783609375 0.44038375625 0.6247108140625001 0.42722425468749997 0.6099994578125 0.4217877828125 0.6057220937500001 0.433409665625 0.6071228 0.45421053593750005 0.609607740625 0.459375 0.6287901875 0.459375
10 0.7681760625 0.3646631125 0.7840058234375 0.3657924171875 0.7871647828125 0.3584777015625 0.7830487078124999 0.3267899140625 0.7773706375 0.317610928125 0.767124846875 0.31729126406249997 0.761729078125 0.333220315625 0.7624979921875 0.3554841265625 0.7681760625 0.3646631125
10 0.3828125 0.96875 0.021875 0.053125
10 0.44609375 0.7125 0.0203125 0.034375
10 0.26875 0.7078125 0.028125 0.065625
10 0.11328125 0.82578125 0.028125 0.0609375
10 0.19921875 0.48671875 0.0265625 0.0546875
10 0.03828125 0.55234375 0.021875 0.0515625
10 0.6071338890625 0.801706528125 0.6198046921875 0.810150546875 0.6285986984375 0.7966574062499999 0.627829784375 0.7743935953125 0.6200681375 0.7528647484375 0.6120591578125 0.7439307515625 0.6005417265624999 0.76888245 0.59946634375 0.7885470265625 0.6071338890625 0.801706528125
10 0.627781278125 0.5048666109375 0.6422022765625 0.507540521875 0.646283384375 0.5015254234375 0.6436190953125001 0.48365044062500007 0.636292984375 0.466265434375 0.6290098953125 0.46423784062499995 0.6230844906249999 0.467653703125 0.62302535625 0.49698724375000003 0.627781278125 0.5048666109375