10 0.353125 0.6015625 0.028125 0.034375
10 0.2484375 0.496875 0.0265625 0.05
10 0.13046875 0.3078125 0.03125 0.0671875
10 0.06484375 0.253125 0.021875 0.0421875
10 0.09375 0.60859375 0.025 0.0203125
10 0.025 0.5390625 0.0203125 0.040625
10 0.21640625 0.24765625 0.0359375 0.1203125
10 0.2390625 0.13046875 0.021875 0.0421875
10 0.44375 0.32421875 0.0234375 0.0359375
10 0.4890625 0.36817685624999996 0.49234835312499997 0.37431369999999997 0.5023961546875 0.36831105625 0.50772403125 0.3490375171875 0.51666341875 0.2821166796875 0.4890625 0.2530903375 0.4890625 0.36817685624999996
10 0.76278964375 0.61875 0.7592120859375 0.6050904265625 0.7286739953125 0.5869698718749999 0.7258376484375 0.5888803109375 0.723616125 0.61875 0.76278964375 0.61875