10 0.75859375 0.22421875 0.053125 0.09375
10 0.93828125 0.20078125 0.034375 0.0578125
10 0.6625 0.02890625 0.04375 0.0578125
10 0.50703125 0.090625 0.053125 0.08125
10 0.6203125 0.34296875 0.046875 0.0328125
10 0.4765625 0.2375 0.015625 0.040625
10 0.2133619671875 0.5182607296875 0.206953465625 0.5313098109375 0.2066093125 0.5428468796875 0.22272928749999998 0.620417965625 0.2382180109375 0.630870271875 0.25489496875 0.6267122390625 0.26256959375 0.609053253125 0.2600536484375 0.5925036546875 0.243315103125 0.5608918468749999 0.23096089375 0.5210298640625 0.2239745765625 0.5156147093750001 0.2133619671875 0.5182607296875
10 0.05078125 0.7625 0.0328125 0.0703125
10 0.6681430109375001 0.5615228015625 0.6595627187499999 0.5464852140625001 0.6412999359375 0.5281361125 0.6382677625 0.52889211875 0.6384316890624999 0.5360082875 0.6475037593749999 0.5723943765625 0.6630785203125 0.5799624156250001 0.6704089921875 0.5738405 0.6681430109375001 0.5615228015625
10 0.51888270625 0.7476039890624999 0.527971078125 0.758220675 0.5377233046875001 0.7844173265625 0.5479057234375 0.7961926421875 0.5618865093750001 0.7941382499999999 0.575203440625 0.7765038875 0.5677253453125 0.7497402296875 0.5496346390625 0.72562259375 0.5318717859375 0.7157372921875 0.5178049609375 0.720675953125 0.515358753125 0.7270114921874999 0.51888270625 0.7476039890624999
10 0.853214853125 1 0.8255878546875 0.8829821640625 0.8179295312499999 0.87487174375 0.8133812703124998 0.8760057531250001 0.804112671875 0.8840423046874999 0.803010475 0.8957683765625 0.8087225203124999 0.9186781374999999 0.8087143687499999 0.9315628390625001 0.82627254375 0.9987554843750001 0.82684284375 1 0.853214853125 1