10 0.17535822968749998 0.38826667812500004 0.177752059375 0.3742332734375 0.1753921234375 0.359058209375 0.16254580937500002 0.35277748125 0.15610570625 0.3642413515625 0.155344925 0.3795799671875 0.163093428125 0.3930818359375 0.1694802390625 0.39552870625000003 0.17535822968749998 0.38826667812500004
10 0.2457569859375 0.179048653125 0.25880196718750004 0.1741926109375 0.2626107765625 0.157303459375 0.25789090625 0.126953328125 0.24765648750000002 0.110800153125 0.24382827968749998 0.11239157656250001 0.24058158281250003 0.1250788828125 0.2344516328125 0.157388421875 0.2359587 0.17121739062500002 0.2457569859375 0.179048653125
10 0.049890103125 0.3759891875 0.050142062499999994 0.350941675 0.04217549375 0.33327885 0.038274596875 0.3334832875 0.0329781171875 0.3518411984375 0.0311464015625 0.361672759375 0.033579026562499996 0.3782348109375 0.0439394234375 0.381864228125 0.049890103125 0.3759891875
10 0.36458577187499996 0.4063201140625 0.36420293125000003 0.384087459375 0.356943853125 0.3649967640625 0.3433900484375 0.3601439078125 0.3366785875 0.3813575640625 0.3361358734375 0.4008571359375 0.3406182796875 0.4117485828125 0.3486381390625 0.41550066562500004 0.36458577187499996 0.4063201140625
10 0.45871172031249996 0.5205319484375 0.4552614515625 0.48455210156249995 0.44388341093749994 0.46150488437500004 0.432418184375 0.48157688125 0.42953493125 0.501199115625 0.43040719843749997 0.517842940625 0.4404962375 0.531222146875 0.4500037671875 0.5335054687499999 0.45871172031249996 0.5205319484375
10 0.13591495781250001 0.4832080078125 0.125845315625 0.48512653125 0.123015353125 0.490838021875 0.124595109375 0.506053975 0.1387110265625 0.5067049859375 0.143101346875 0.5009117203125 0.14244714687499999 0.48842885156250004 0.13591495781250001 0.4832080078125
10 0.65625 0.278125 0.0359375 0.0984375
10 0.63984375 0.0203125 0.0234375 0.040625
10 0.87109375 0.60078125 0.0328125 0.0984375
10 0.5167789625 0.8033486359375 0.5079983218749999 0.8149351703125 0.505459115625 0.826194603125 0.5064816609375 0.905416325 0.51969141875 0.9186319796875001 0.5368553640625 0.9177324562500001 0.5477584765625 0.9018623031249999 0.54844656875 0.8851367031249999 0.5380473765625 0.850911828125 0.5335261734375 0.8094249281250001 0.5277014734375001 0.8027762125000001 0.5167789625 0.8033486359375
10 0.23828125 0.67265625 0.0296875 0.0453125
10 0.31015625 0.9890625 0.0203125 0.021875
10 0.15625 0.81328125 0.0234375 0.0421875