10 0.25625 0.2546875 0.021875 0.028125
10 0.13203125 0.2546875 0.0234375 0.028125
10 0.13984375 0.1953125 0.01875 0.04375
10 0.4234375 0.0515625 0.01875 0.0515625
10 0.2875 0.96484375 0.046875 0.0703125
10 0.31502021562500004 0.45915164218750004 0.3244528125 0.41718024062500003 0.3239608234375 0.385685378125 0.31097660781249997 0.3836066015625 0.3012749703125 0.4408534125 0.3008871390625 0.4630722515625 0.3054284890625 0.47148612187500005 0.3109206453125 0.4701928875 0.31502021562500004 0.45915164218750004
10 0.41182342343749995 0.39462755937500005 0.4118609125 0.3862936125 0.4197392640625 0.3290149765625 0.395772678125 0.3295227046875 0.3908188546875 0.3831481203125 0.3865980875 0.401132753125 0.3918478484375 0.4137262921875 0.40427560781249994 0.40931288437499996 0.41182342343749995 0.39462755937500005
10 0.4065611359375 0.6894880359375 0.428105378125 0.6255024390624999 0.40478517812500003 0.588978771875 0.3831219703125 0.6663902625 0.3832484015625 0.6821356078125 0.381467984375 0.694606434375 0.386645028125 0.71136600625 0.39765358125 0.707390859375 0.4065611359375 0.6894880359375
10 0.0827462015625 0.5912291296875 0.08179539531249999 0.6009362359375 0.0847744828125 0.6093228390625001 0.0972483390625 0.6109296703125 0.1053262828125 0.5957905671875 0.0974620953125 0.56138881875 0.0827462015625 0.5912291296875
10 0.20045300312499997 0.6201396515625 0.20708988125 0.598029890625 0.203814453125 0.5618561062499999 0.1953916875 0.5519853828125 0.18128285 0.5545173125 0.1788667390625 0.5586424421875 0.1802890328125 0.6114530859375 0.1856115140625 0.6198805921874999 0.20045300312499997 0.6201396515625
10 0.2343159671875 0.4109765625 0.234073571875 0.4248633359375 0.2424963375 0.43473405937500004 0.2504288453125 0.42792701875 0.254528415625 0.4168857734375 0.2470079796875 0.4000852984375 0.2343159671875 0.4109765625
10 0.24116389374999997 0.3171002953125 0.240019171875 0.337916821875 0.24643074843749999 0.381553884375 0.260032584375 0.37808703593750004 0.253589271875 0.32148448281249997 0.24824255156250002 0.3144456515625 0.24116389374999997 0.3171002953125
10 0.92109375 0.6046875 0.025 0.03125
10 0.8234375 0.796875 0.028125 0.0453125
10 0.5203125 0.5390625 0.0609375 0.0828125
10 0.95 0.425 0.025 0.01875