10 0.11640625 0.37109375 0.028125 0.0484375
10 0.13046875 0.33203125 0.0203125 0.040625
10 0.228125 0.24453125 0.034375 0.06875
10 0.3078125 0.2125 0.025 0.0625
10 0.38203125 0.53828125 0.0140625 0.0578125
10 0.25859375 0.50703125 0.0359375 0.0546875
10 0.19765625 0.11484375 0.01875 0.0359375
10 0.18984375 0.18984375 0.021875 0.05
10 0.60234375 0.55859375 0.0421875 0.0578125
10 0.75546875 0.18515625 0.0296875 0.0421875
10 0.8671875 0.55 0.0328125 0.0640625
10 0.71953125 0.35546875 0.0265625 0.0421875
10 0.98046875 0.3875 0.01875 0.0296875
10 0.30703125 0.7328125 0.034375 0.0609375
10 0.6185243015624999 0.8582417734375 0.613167203125 0.8505874062500001 0.596206190625 0.8541021343749999 0.595119725 0.86936124375 0.6020276765625 0.8772060296875 0.6133914390624999 0.874403365625 0.6184534140625 0.8652296640625 0.6185243015624999 0.8582417734375