10 0.48203125 0.69765625 0.0421875 0.090625
10 0.46328125 0.4703125 0.034375 0.078125
10 0.2890625 0.5015625 0.04375 0.078125
10 0.36640625 0.30078125 0.0234375 0.0625
10 0.36953125 0.15 0.0203125 0.05625
10 0.128125 0.2484375 0.021875 0.0328125
10 0.1984375 0.17890625 0.021875 0.0375
10 0.303125 0.78515625 0.0375 0.06875
10 0.2015625 0.61796875 0.0265625 0.0375
10 0.14453125 0.81484375 0.0203125 0.0296875
10 0.4890625 0.296875 0.0171875 0.0421875
10 0.2391885875 0.8715221953125001 0.22526225625000001 0.8993858046875 0.2180893796875 0.937735003125 0.2196002984375 0.9532557390624999 0.23621508593749999 0.9745535750000001 0.24402781093749998 0.9600127921875 0.2570400484375 0.9557942765625 0.265971178125 0.9455606609375 0.27212780625 0.9168804250000001 0.26760310625 0.892663690625 0.2454043484375 0.8721754984375 0.2391885875 0.8715221953125001