10 0.309375 0.015625 0.021875 0.03125
10 0.3015625 0.16171875 0.0296875 0.0359375
10 0.553125 0.17578125 0.0125 0.028125
10 0.21796875 0.34453125 0.0375 0.05
10 0.35390625 0.51875 0.021875 0.040625
10 0.46328125 0.32421875 0.025 0.04375
10 0.715625 0.28515625 0.03125 0.0390625
10 0.94765625 0.08515625 0.025 0.05
10 0.29375 0.65 0.0328125 0.0453125
10 0.4515625 0.98203125 0.028125 0.0359375
10 0.28125 0.81328125 0.021875 0.0390625
10 0.54140625 0.8140625 0.015625 0.028125
10 0.84609375 0.72890625 0.0265625 0.040625
10 0.83125 0.90546875 0.021875 0.0390625
10 0.73984375 0.60859375 0.025 0.0296875