10 0.3703125 0.30078125 0.0421875 0.065625
10 0.221875 0.64765625 0.05 0.1234375
10 0.528125 0.634375 0.021875 0.10625
10 0.39765625 0.0140625 0.0265625 0.028125
10 0.30546875 0.06484375 0.0234375 0.096875
10 0.06953125 0.22578125 0.0203125 0.0328125
10 0.24609375 0.00625 0.0203125 0.0125
10 0.1234375 0.39921875 0.0359375 0.06875
10 0.9563894125000001 0.5745745484375 0.9594676328125 0.5483541671875 0.9531894359375 0.53943973125 0.9417573781249999 0.5356511671875 0.92677999375 0.5454943703125 0.9269359312500001 0.5706035078125 0.9400975718750001 0.5815143640625 0.9563894125000001 0.5745745484375
10 0.75080179375 0.4325046765625 0.7606082265625 0.4459103765625 0.7746172140625001 0.4471360046875 0.7859453140625 0.4341851421875 0.7924478125000001 0.3957165984375 0.7816210031249999 0.3850100171875 0.770656053125 0.3938100671875 0.756145775 0.4162418859375 0.75080179375 0.4325046765625
10 0.6679918390624999 0.31233001250000003 0.6703437609375 0.29441125625 0.667057625 0.287152784375 0.6584965765625 0.2864037890625 0.6499875078125 0.294024509375 0.6465632296875 0.3062726703125 0.6592406703125 0.3227179390625 0.6679918390624999 0.31233001250000003
10 0.7684394484375 0.1412669875 0.7616770531249999 0.137886965625 0.7521476078125 0.1482068 0.751663409375 0.15374121406250002 0.764530971875 0.15904956406249998 0.7681282781250001 0.1537875109375 0.7684394484375 0.1412669875
10 0.2871579578125 0.8768360828125001 0.28085688593749997 0.859244659375 0.2770733734375 0.8456484859375 0.27138857031249997 0.852994421875 0.2660445890625 0.869257215625 0.2670478734375 0.884681128125 0.2796733375 0.892756684375 0.2866258515625 0.8849997843749999 0.2871579578125 0.8768360828125001
10 0.41840776562500004 1 0.418536334375 0.9997108296875 0.42341320781249997 0.9708594218750001 0.40964632031250003 0.9668665859375001 0.3921439828125 0.9876424374999999 0.38713690624999997 1 0.41840776562500004 1
10 0.6524509859375 0.709375 0.649891184375 0.7183776078124999 0.6469340140625001 0.743214384375 0.649614903125 0.757390875 0.66115091875 0.777918865625 0.6770105390625 0.7848831781250001 0.707363346875 0.7875387046875 0.7284458984375 0.7796238296875 0.782683196875 0.7871573671875 0.8178957859375 0.7790845156249999 0.8293449359375 0.76475005 0.8363368437500001 0.709375 0.6524509859375 0.709375
10 0.5390625 0.709375 0.5390625 0.8278565125 0.5502493015625001 0.8179424921875 0.5737186640624999 0.8186016 0.5958045015625 0.8261106375 0.602878065625 0.8169701343749999 0.6108160687499999 0.7800213765625 0.6249802890625 0.743617340625 0.6317079921875 0.709375 0.5390625 0.709375