10 0.35546875 0.42734375 0.0359375 0.075
10 0.41171875 0.21953125 0.015625 0.0625
10 0.3984375 0.06953125 0.015625 0.05625
10 0.16875 0.19296875 0.01875 0.03125
10 0.23125 0.11640625 0.01875 0.0359375
10 0.39921875 0.70859375 0.03125 0.065625
10 0.28046875 0.55234375 0.021875 0.0359375
10 0.2453125 0.75390625 0.015625 0.0296875
10 0.2859375 0.08203125 0.034375 0.08125
10 0.728125 0.46328125 0.04375 0.1375
10 0.5459412046875001 0.03524305625 0.53448490625 0.013946759375000001 0.5231800468750001 0.059317129687500005 0.5231800468750001 0.0815393515625 0.527867546875 0.089872684375 0.5333362968750001 0.0884837953125 0.5372425468750001 0.077372684375 0.5459412046875001 0.03524305625
10 0.509375 0.6386060812500001 0.518494490625 0.626446759375 0.523181990625 0.61116898125 0.520056990625 0.5778356484375 0.509375 0.5534196703125 0.509375 0.6386060812500001
10 0.65927734375 10 0.65390625 0.013020832812499999 0.65390625 0.032465278125000004 0.66171875 0.0421875 0.67421875 0.0435763890625 0.68359375 0.025520832812499998 0.68359375 0.0046875 0.681982421875 10 0.65927734375 0
10 0.67421875 0.22829861093749998 0.68203125 0.21996527812500002 0.6828125 0.18663194375 0.675 0.157465278125 0.671875 0.1588541671875 0.665625 0.182465278125 0.65546875 0.20190972187499998 0.65390625 0.2130208328125 0.65859375 0.22552083281250002 0.67421875 0.22829861093749998
10 0.1261875 0.76875 0.121875 0.784722221875 0.1 0.80694444375 0.09921875 0.85555555625 0.1015625 0.86944444375 0.12265625 0.89305555625 0.14921875 0.8861111109375 0.15859375 0.86944444375 0.17265625 0.859722221875 0.15546875 0.80694444375 0.14865663125 0.76875 0.1261875 0.76875
10 1 0.8114583328125 0.9984375 0.809375 0.99140625 0.809375 0.98515625 0.8135416671875 0.98046875 0.8274305562500001 0.9796875 0.8677083328125 0.9890625 0.881597221875 1 0.8796527765625001 1 0.8114583328125
10 0.8390625 0.90381944375 0.83671875 0.8885416671874999 0.83125 0.881597221875 0.82265625 0.8857638890625001 0.815625 0.896875 0.8140625 0.909375 0.81953125 0.9260416671874999 0.83046875 0.921875 0.8390625 0.90381944375