10 0.83203125 0.4015625 0.0421875 0.0875
10 0.8703125 0.1 0.03125 0.0921875
10 0.59140625 0.4609375 0.034375 0.078125
10 0.7734375 0.146875 0.034375 0.084375
10 0.42421875 0.97265625 0.0390625 0.0546875
10 0.3078125 0.76484375 0.0390625 0.059375
10 0.1546875 0.6734375 0.0328125 0.0578125
10 0.040625 0.58046875 0.021875 0.04375
10 0.62421875 0.9234375 0.0359375 0.0625
10 0.5578125 0.52265625 0.015625 0.0453125
10 0.6734375 0.6015625 0.03125 0.0921875
10 0.79296875 0.9546875 0.0375 0.0515625
10 0.58828125 0.653125 0.0296875 0.0640625