10 0.5625 0.4796875 0.0328125 0.0515625
10 0.43359375 0.57421875 0.0203125 0.0109375
10 0.30703125 0.309375 0.0265625 0.0359375
10 0.16484375 0.078125 0.021875 0.0328125
10 0.3484375 0.01796875 0.0234375 0.034375
10 0.13984375 0.32109375 0.0296875 0.0375
10 0.02890625 0.2 0.0578125 0.125
10 0.97109375 0.4296875 0.04375 0.0875
10 0.65625 0.40234375 0.025 0.046875
10 0.915625 0.13125 0.0328125 0.0921875
10 0.77265625 0.16953125 0.03125 0.0953125
10 0.8375 0.2046875 0.034375 0.084375
10 0.396875 0.94296875 0.215625 0.1140625
10 0.9140625 0.96640625 0.04375 0.0671875
10 0.8625 0.678125 0.0328125 0.0921875
10 0.784375 0.7515625 0.034375 0.084375