10 0.2429377921875 0.4488776671875 0.2196130578125 0.47857491406249997 0.19797861562500002 0.4929083515625 0.18802049375000002 0.5391281234374999 0.197756709375 0.56618095625 0.21809601875 0.5687550890625 0.2431441390625 0.5567742265625 0.2494335828125 0.5483942921875 0.24771279062499998 0.5004830499999999 0.252171784375 0.4657307453125 0.24861535781250002 0.45183685 0.2429377921875 0.4488776671875
10 0.7292810703124999 0.448415425 0.7173497484375 0.45672150624999996 0.7114554640625 0.46664520625000006 0.6879471046875001 0.542305525 0.6964264671875 0.5589563984375 0.71302831875 0.5634048515625001 0.728301940625 0.5516806859375001 0.7341248515625 0.5359863265625 0.7348106984375 0.5002230109375 0.7433309359375 0.45936949531250004 0.739845884375 0.45124625937499996 0.7292810703124999 0.448415425
10 0.509375 0.22265625 0.0453125 0.0828125
10 0.6390625 0.046875 0.0375 0.0609375
10 0.7829182578125 0.072162425 0.7892077015625001 0.0637824921875 0.79208346875 0.05304998281249999 0.7798666437499999 0.038273426562500004 0.7675758515625001 0.0479210703125 0.7617172546875001 0.060730099999999995 0.769765771875 0.07295187812500001 0.7829182578125 0.072162425
10 0.73125 0.21953125 0.034375 0.0703125
10 0.4515625 0.6734375 0.0234375 0.0359375
10 0.28671875 0.5921875 0.0203125 0.025
10 0.22734375 0.709375 0.021875 0.0296875
10 0.65546875 0.6453125 0.0234375 0.0359375
10 0.540625 0.72109375 0.028125 0.0515625