10 0.4653876671875 0.318636740625 0.47717047968750004 0.3303433296875 0.49119872343750004 0.329362378125 0.50036139375 0.3147988578125 0.5007660296875 0.27578671093749996 0.4883976375 0.26690563125 0.478944315625 0.277312634375 0.46812179374999996 0.3017381875 0.4653876671875 0.318636740625
10 0.36479778125 0.21289595625 0.3643176359375 0.19482988750000002 0.35993648125 0.18817484375 0.351363665625 0.1887743140625 0.3441515 0.1976323203125 0.342685415625 0.2102653640625 0.3577793828125 0.22452497343750003 0.36479778125 0.21289595625
10 0.43724855937499996 0.0282255328125 0.43004066874999997 0.025944995312500004 0.42224292500000005 0.0376285109375 0.4226304609375 0.04317053125 0.43617001093749996 0.0464005953125 0.4388998625 0.0406405859375 0.43724855937499996 0.0282255328125
10 0.7556427796875 0.46493880625 0.7466673796875 0.448549665625 0.7408035374999999 0.43571275624999994 0.7363378828125 0.44385755156249995 0.73360375625 0.46075610468750006 0.7370075203124999 0.475833175 0.7507408375 0.48183425 0.756394309375 0.47308523906250005 0.7556427796875 0.46493880625
10 0.87402866875 0.58738011875 0.8818178624999999 0.5979736890625 0.8977966125 0.5912872250000001 0.904625515625 0.5657486546875 0.9049289937499999 0.53648954375 0.8907069812499999 0.5346994828125 0.8766701859375001 0.5579575171875 0.8730598281249999 0.5735250625 0.87402866875 0.58738011875
10 0.8252518296875 0.2594281890625 0.8188232875000001 0.25709315625 0.8080050390625001 0.270380165625 0.8119943828124999 0.28263172812500004 0.8236845859375 0.28181426875 0.8277793640625 0.27317425 0.8252518296875 0.2594281890625
10 0.4015625 0.91953125 0.01875 0.034375
10 0.225 0.909375 0.025 0.0640625
10 0.1640625 0.690625 0.021875 0.046875
10 0.0046875 0.74609375 0.009375 0.0515625
10 0.797400940625 0.9381512593749999 0.8127941109375 0.9342903031249999 0.8153301953125001 0.9257592812500001 0.812423675 0.8841941109375 0.808531215625 0.8733280562499999 0.8017151359374999 0.865451 0.7947010140625 0.865941475 0.788756890625 0.8705339703125 0.78504965 0.8847160109375001 0.7870799374999999 0.9249501703125 0.797400940625 0.9381512593749999
10 0.6874602421875 0.743494309375 0.6797679328124999 0.7342862453125 0.6741101859375 0.7541738 0.6756603296875 0.7763418890625 0.6809177156249999 0.7843279390625 0.686276259375 0.7825609531250001 0.689397921875 0.771204421875 0.6874602421875 0.743494309375
10 0.649316478125 0.9707828203125001 0.6459127125 0.9557057515625 0.6399728640625 0.9491597031250001 0.6316907 0.9539156906249999 0.62545165 0.965490209375 0.6247649125 0.9780687546875001 0.6313829484375 0.9943133421875 0.642003153125 0.9893938640625001 0.649316478125 0.9707828203125001