10 0.4515625 0.22109375 0.0515625 0.096875
10 0.15546875 0.434375 0.025 0.0375
10 0.27890625 0.11328125 0.0609375 0.08125
10 0.6484375 0.059375 0.028125 0.05625
10 0.66171875 0.21640625 0.034375 0.0390625
10 0.91328125 0.19453125 0.0171875 0.0296875
10 0.6046875 0.409375 0.04375 0.0546875
10 0.84453125 0.3546875 0.03125 0.046875
10 0.3328125 0.81796875 0.0234375 0.040625
10 0.34453125 0.9875 0.0296875 0.025
10 0.209375 0.7140625 0.021875 0.0328125
10 0.74375 0.875 0.0359375 0.06875
10 0.85625 0.6296875 0.034375 0.059375
10 0.61171875 0.821875 0.0234375 0.0390625
10 0.6265625 0.8859375 0.0265625 0.04375
10 0.68046875 0.93515625 0.034375 0.075
10 0.7453125 0.4890625 0.034375 0.059375