10 0.55703125 0.43671875 0.0203125 0.0359375
10 0.38515625 0.39296875 0.028125 0.065625
10 0.20703125 0.47265625 0.0296875 0.0609375
10 0.36953125 0.15078125 0.0265625 0.0796875
10 0.1953125 0.1890625 0.0234375 0.053125
10 0.27578125 0.0109375 0.0234375 0.021875
10 0.1078125 0.309375 0.01875 0.0296875
10 0.04375 0.5234375 0.0140625 0.0359375
10 0.2333248765625 0.6537790375 0.23959917812499998 0.6475528296874999 0.24301192500000002 0.6325793515625 0.2368794 0.6248297765624999 0.232663740625 0.627110796875 0.2320300890625 0.6130398031250001 0.22788531875 0.60833293125 0.22514962500000002 0.6177922640625 0.221272490625 0.6173162109375 0.2199617890625 0.6087593625000001 0.21058578125 0.6146047296875 0.20889315000000003 0.6283900921875001 0.2132780734375 0.6247305359374999 0.216139628125 0.6334778062499999 0.22139835312499997 0.635522815625 0.21532079999999998 0.652967734375 0.222032003125 0.6495938109375 0.2333248765625 0.6537790375
10 0.3114331921875 0.8830626484374999 0.3213719625 0.89827616875 0.33007091875 0.8979449468749999 0.34130881875 0.8769356796875 0.343792790625 0.8310631390625 0.3406635984375 0.81808505 0.3183729734375 0.826542659375 0.310165890625 0.8549206593750001 0.3114331921875 0.8830626484374999
10 0.012964807812500001 0.8394187437499999 0.0195617203125 0.86261785 0.0341255640625 0.865805384375 0.0445880390625 0.8447009062499999 0.047465509375 0.8212657890624999 0.03885335625 0.78242673125 0.024939076562500002 0.7611278046875001 0.0202865171875 0.7605565421875 0.01059946875 0.781756228125 0.012964807812500001 0.8394187437499999
10 0.9922217374999999 1 0.99190246875 0.990080434375 0.9860100953125001 0.9739644296875 0.97936978125 0.9703504625000001 0.948478575 0.98474865 0.94075179375 0.9963937937499999 0.9400944671874999 1 0.9922217374999999 1