10 0.0515625 0.015625 0.021875 0.03125
10 0.15859375 0.3796875 0.0234375 0.034375
10 0.06484375 0.1234375 0.0203125 0.03125
10 0.259375 0.096875 0.021875 0.0328125
10 0.465625 0.49375 0.04375 0.05
10 0.62890625 0.50703125 0.0265625 0.0234375
10 0.81640625 0.4859375 0.021875 0.028125
10 0.4484375 0.125 0.0375 0.05
10 0.321875 0.10703125 0.00625 0.0265625
10 0.6625 0.26484375 0.021875 0.0765625
10 0.02734375 0.98046875 0.0265625 0.0390625
10 0.19765625 0.79609375 0.021875 0.053125
10 0.11640625 0.6453125 0.025 0.05
10 0.096875 0.56171875 0.046875 0.0859375
10 0.8328125 0.97890625 0.021875 0.0421875
10 0.7578125 0.83046875 0.025 0.05
10 0.740625 0.7390625 0.046875 0.0890625