10 0.40227119375 0.41875 0.40881259999999997 0.38655316875 0.406729025 0.3742033078125 0.399351834375 0.3638063671875 0.3849308359375 0.36113245781250003 0.3540321703125 0.40348313750000003 0.35491679062500003 0.41875 0.40227119375 0.41875
10 0.2594433734375 0.2584089625 0.265659134375 0.257755659375 0.2777062015625 0.245317146875 0.29155454375 0.22012046093749998 0.2695090203125 0.219644459375 0.2571285734375 0.213963 0.2498885078125 0.2272928140625 0.2502218859375 0.24541278593750002 0.2532786890625 0.2520741984375 0.2594433734375 0.2584089625
10 0.3637508984375 0.11477456718750001 0.363358384375 0.1259881359375 0.3735530984375 0.133295865625 0.3834144328125 0.12248362187499999 0.381476034375 0.11151504062499999 0.3754565296875 0.106561559375 0.3637508984375 0.11477456718750001
10 0.545228846875 0.2124434015625 0.5539717765625001 0.20593832656250002 0.5555767953124999 0.19878693593750002 0.5528614265625 0.18790001875 0.5447072671875001 0.17758474062500001 0.534948090625 0.1744208546875 0.530525546875 0.1846614578125 0.532216609375 0.20822488749999998 0.545228846875 0.2124434015625
10 0.7554224671875 0.084679690625 0.7575651765625 0.0676960109375 0.754559453125 0.054046532812500006 0.74698600625 0.049256378125 0.7353744750000001 0.06583873125 0.7369714375 0.0810328140625 0.7474565078125 0.091103103125 0.7554224671875 0.084679690625
10 0.28515625 0.95390625 0.0390625 0.08125
10 0.2147363671875 0.7515734328125 0.229985415625 0.747177615625 0.23222222499999998 0.73856328125 0.2278668734375 0.69712486875 0.2235975640625 0.6864012765625 0.2165107328125 0.6787668984375 0.209518 0.6795018640625 0.20373777343750002 0.684299009375 0.2005277359375 0.6986017906249999 0.20396094062499998 0.738740584375 0.2147363671875 0.7515734328125
10 0.0980692125 0.5608719375 0.09006023125 0.551937940625 0.085099996875 0.5720108328125 0.0874228515625 0.5941113203125 0.09295574375 0.601909025 0.09824935625 0.599956103125 0.1009727796875 0.588497546875 0.0980692125 0.5608719375
10 0.050614060937500004 0.41875 0.0502416734375 0.41972770312499996 0.0482441421875 0.43809266406249997 0.0549895390625 0.44995254687499997 0.06722480625 0.454252725 0.0739782609375 0.443767134375 0.0715102265625 0.42028536718750004 0.0705025703125 0.41875 0.050614060937500004 0.41875
10 0.0678809375 0.7893531890625 0.0639530640625 0.7744040953125 0.05778838125 0.76806933125 0.04967724375 0.773111465625 0.0438459390625 0.7848966734375 0.0435986046875 0.7974915234375001 0.050779537500000006 0.8134952484374999 0.061221584375000006 0.8082081265625 0.0678809375 0.7893531890625
10 10 0.928516259375 0.0015960078125 0.9285257359374999 0.0077687484375000004 0.9125150218750001 10 0.9025734046875 10 0.928516259375
10 0.459375 0.9275440421875001 0.45696577656250004 0.9286122921875 0.4531239484375 0.9443780171875 0.45535270156249996 0.9581091578125001 0.459375 0.9631234859374999 0.459375 0.9275440421875001
10 0.5738212890625001 0.6614663921874999 0.5703800296875 0.643673071875 0.5584431750000001 0.6197899796874999 0.5526790609375001 0.579896175 0.5532248078124999 0.547718409375 0.5658176218750001 0.503102134375 0.56407548125 0.48652676875 0.5608735 0.47848407656249997 0.54907376875 0.4783277390625 0.531007196875 0.4858127671875 0.511574884375 0.5101998140624999 0.50611998125 0.5554624046875001 0.4859106984375 0.5799311140625 0.47959278125000004 0.594560546875 0.48403417812500005 0.6667137796875 0.5044666265625 0.696686646875 0.52962003125 0.6968359953125 0.5480280375 0.6851254609375 0.55813670625 0.66171836875 0.5738212890625001 0.6614663921874999