10 0.41328125 0.09921875 0.0171875 0.0390625
10 0.3296875 0.28828125 0.01875 0.0234375
10 0.259375 0.13203125 0.0453125 0.0921875
10 0.440625 0.84375 0.01875 0.059375
10 0.30546875 0.47265625 0.0203125 0.04375
10 0.43984375 0.5265625 0.0203125 0.090625
10 0.3625 0.58984375 0.025 0.08125
10 0.609375 0.96875 0.05 0.0625
10 0.6084494406250001 0.4658941484375 0.615672496875 0.4234866015625 0.6135328687499999 0.39206065 0.600457653125 0.390664265625 0.593765378125 0.4483403640625 0.594540921875 0.4705490515625 0.5995163953125 0.478713715625 0.6049333421875 0.47713481562500004 0.6084494406250001 0.4658941484375
10 0.7017430546875 0.3963922046875 0.7013443265625 0.388067715625 0.7062141484375 0.3304552578125 0.6823069796875 0.332216603125 0.6801664828125 0.386027790625 0.6768927421875001 0.404208675 0.6827944046875001 0.416510203125 0.694974153125 0.41145242500000007 0.7017430546875 0.3963922046875
10 0.71191978125 0.6911239921875 0.7300857515625 0.6260985453125001 0.704886009375 0.5908454171875 0.6873038953125 0.6692845843749999 0.6882542015625 0.685001734375 0.687128896875 0.6975486500000001 0.6931759734374999 0.7140143078125 0.703961396875 0.709468465625 0.71191978125 0.6911239921875
10 0.9277026984375001 1 0.92532469375 0.979685384375 0.8976056921875 0.957491096875 0.8945310671875 0.9589882 0.885623925 1 0.9277026984375001 1
10 0.5024647 0.6326575125 0.5079353484375 0.61023070625 0.5027712171875 0.57427791875 0.4938434015625 0.5648615359375 0.47988641093749995 0.5681283953125 0.47768950468749993 0.5723743203125 0.48187374375 0.6250381515625 0.48762999218749997 0.6331755515624999 0.5024647 0.6326575125
10 0.52533450625 0.4220088234375 0.5258192203125 0.43588925156249997 0.5347470359375001 0.44530563437500004 0.5423124203125 0.4380927671875 0.5458285171874999 0.4268520984375 0.53743911875 0.41046823750000005 0.52533450625 0.4220088234375
10 0.5272599437500001 0.3279028171875 0.5272062421875 0.3487507265625 0.53589281875 0.39199242968750003 0.5492945734375 0.3878184671875 0.53989774375 0.331630703125 0.5341899671875 0.32488134375 0.5272599437500001 0.3279028171875