10 0.0954843390625 10 0.09205416718750001 0.0056525703125 0.09705107187499999 0.027319790625 0.10664712968750001 0.0420031390625 0.122818134375 0.041983782812499995 0.12335604375 0.028898696875 0.11904239218749998 0.012799932812500001 0.11203400625 0.001736871875 0.10931507656249999 10 0.0954843390625 0
10 0.3849503359375 0.253570853125 0.3892639859375 0.26966961562499997 0.3926062875 0.2730877 0.398319540625 0.2672431875 0.395119990625 0.2522837859375 0.389908959375 0.2479285421875 0.3849503359375 0.253570853125
10 1 10 0.9842925140624998 10 0.9831775828125 0.0043557015625 0.9881388000000001 0.028908253125 0.9914811015625 0.0323263375 1 0.034998009375 1 0
10 0.8739451109375 0.140027840625 0.86999093125 0.12527064062499998 0.859209396875 0.11521859062499999 0.8464163828124999 0.115770703125 0.8450881546875 0.13194331875 0.8500850609375 0.15361054062499999 0.8596811171875001 0.16829388750000002 0.8707838406249999 0.15237796875 0.8739451109375 0.140027840625
10 0.4828125 0.878125 0.05 0.084375
10 0.38163666093750004 0.6900897546875 0.396010309375 0.6833625796874999 0.39687200312500004 0.6745043890625 0.38608787499999997 0.6342574781250001 0.380193590625 0.6243337796875 0.371999728125 0.6179020171875 0.3652080625 0.6197218390625 0.3602494390625 0.6253641484375001 0.3593163703125 0.6399929999999999 0.368986396875 0.679100546875 0.38163666093750004 0.6900897546875
10 0.23331595625 0.5199011640625 0.22400799375 0.512330040625 0.2222489203125 0.532931753125 0.2280004546875 0.554396771875 0.23468505781250001 0.5612329390624999 0.23960799375000003 0.5584759578125 0.240505375 0.5467324375 0.23331595625 0.5199011640625
10 0.1944600046875 0.40809248125 0.18834900000000002 0.3852859 0.1757344234375 0.3714113609375 0.1704520171875 0.372826778125 0.1672550609375 0.3880622359375 0.16815503437499998 0.4065135765625 0.1766726796875 0.41717223125 0.18943000625 0.41950545000000006 0.1944600046875 0.40809248125
10 0.24249932031250002 0.7503776296875 0.23628125312499998 0.7362270375 0.229201490625 0.7309346359375001 0.22197897812499998 0.737183553125 0.2180630796875 0.7497358828125 0.21978905937499998 0.7622143609375 0.22938511718750002 0.776897709375 0.2388715171875 0.770042184375 0.24249932031250002 0.7503776296875
10 0.1790494359375 0.89391273125 0.18081110312499998 0.9035058796875 0.18598644687500002 0.9107464515625001 0.198419990625 0.9088527765624999 0.20201210625 0.8920735531249999 0.191230571875 0.882021503125 0.1790494359375 0.89391273125
10 0.3570997734375 1 0.3512963796875 0.9843582421875 0.3342610890625 0.9630409296875001 0.3316020421875 0.965191303125 0.3320556 1 0.3570997734375 1
10 0.8190665375 0.41252115156249997 0.8045742578125001 0.40873563281249997 0.8033117765625001 0.441665940625 0.8090633109375001 0.46313095937500004 0.8157479140625 0.46996712656249995 0.82067085 0.467210146875 0.8215682296875 0.455466625 0.8190665375 0.41252115156249997
10 0.80514615625 0.6889696937500001 0.7903743609375 0.6253472546875 0.770878703125 0.6411155796875001 0.7762483765625 0.673227396875 0.7807099140625 0.6883279453125001 0.78243589375 0.7008064234375 0.7920319515625 0.7154897703125 0.8015183515625001 0.7086342453125 0.80514615625 0.6889696937500001
10 0.7256530203125 0.873229953125 0.7274146859374999 0.8828230999999999 0.7325900296875 0.8900636734375 0.7450235734375 0.88817 0.7486156890625 0.8713907750000001 0.73783415625 0.8613387265625001 0.7256530203125 0.873229953125