10 0.6203125 0.19453125 0.021875 0.0359375
10 0.4140625 0.1234375 0.01875 0.0453125
10 0.36328125 0.271875 0.0171875 0.0234375
10 0.284375 0.1234375 0.0171875 0.0265625
10 0.1054907015625 0.8997870671874999 0.107255171875 0.9334021015625 0.113948496875 0.9465354390625 0.118618159375 0.9469439812499999 0.132160040625 0.9355809953125 0.13480604062499998 0.9232647421875001 0.12939228281249998 0.8865420499999999 0.120364128125 0.8732044406250001 0.1077215734375 0.8832519140624999 0.1054907015625 0.8997870671874999
10 0.259375 0.5357493453125001 0.2511973140625 0.543073278125 0.251422321875 0.5584291 0.259375 0.5630338953125 0.259375 0.5357493453125001
10 10 0.744900553125 0.0028948515625 0.745814896875 0.0080487140625 0.7406890234375 0.0097434078125 0.721318571875 0.006457270312500001 0.7140601 10 0.716977028125 10 0.744900553125
10 0.74375 0.87265625 0.040625 0.090625
10 0.72109375 0.6453125 0.0328125 0.0765625
10 0.546875 0.6796875 0.0421875 0.078125
10 0.62109375 0.47734375 0.021875 0.0625
10 0.56640625 0.96328125 0.0375 0.06875
10 0.46171875 0.79765625 0.025 0.0375
10 0.409375 0.990625 0.01875 0.01875
10 0.92421875 0.91171875 0.0234375 0.053125
10 0.74375 0.471875 0.0171875 0.0421875