10 0.3576998515625 0.4142361109375 0.36004360156250004 0.3795138890625 0.3491061015625 0.3614583328125 0.3350436015625 0.35868055625 0.3295748515625 0.37118055625 0.3241061015625 0.41006944375 0.3373873515625 0.428125 0.3576998515625 0.4142361109375
10 0.2162929375 0.10749007968749999 0.2256679375 0.09637896875 0.2194179375 0.075545634375 0.2116054375 0.07137896875000001 0.2045741875 0.0824900796875 0.2037929375 0.09776785625 0.20926168750000002 0.10610119062500001 0.2162929375 0.10749007968749999
10 0.76640625 0.0953125 0.025 0.078125
10 0.81875 0.4125 0.015625 0.034375
10 0.6796875 0.2546875 0.021875 0.040625
10 0.2512104171875 0.7342399687500001 0.25433541718749997 0.7203510812499999 0.2527729171875 0.705073303125 0.2402729171875 0.6981288578125 0.2332416671875 0.7092399687500001 0.23167916718749998 0.724517746875 0.2387104171875 0.7384066359375 0.2449604171875 0.7411844140625 0.2512104171875 0.7342399687500001
10 0.3272552546875 0.5243634265625 0.3405365046875 0.520196759375 0.34522400468750003 0.50353009375 0.3420990046875 0.4729745375 0.3327240046875 0.4563078703125 0.3288177546875 0.457696759375 0.3249115046875 0.470196759375 0.3170990046875 0.5021412046875 0.31788025468750003 0.51603009375 0.3272552546875 0.5243634265625
10 0.140442303125 0.718499228125 0.142004803125 0.6934992281250001 0.13497355312499998 0.675443671875 0.13106730312499998 0.675443671875 0.12481730312499999 0.6934992281250001 0.122473553125 0.70322145 0.12403605312499999 0.7198881171875 0.134192303125 0.7240547828125 0.140442303125 0.718499228125
10 0.0995613234375 0.46788194375 0.0995613234375 0.4470486109375 0.0909675734375 0.43315972187499996 0.0808113234375 0.4373263890625 0.0722175734375 0.4484375 0.06987382343750001 0.4609375 0.0769050734375 0.4734375 0.09018632343750001 0.47760416718750004 0.0995613234375 0.46788194375
10 0.41875 0.7283853796875001 0.41614456562499996 0.7272955249999999 0.40833206562499996 0.7481288578124999 0.406769565625 0.767573303125 0.410675815625 0.7786844140625 0.418488315625 0.7828510812499999 0.41875 0.7827181624999999 0.41875 0.7283853796875001
10 0.2198700203125 0.833159721875 0.2097137703125 0.8345486109374999 0.2065887703125 0.8401041671874999 0.20737002031250001 0.85538194375 0.2214325203125 0.8567708328125001 0.2261200203125 0.851215278125 0.2261200203125 0.838715278125 0.2198700203125 0.833159721875
10 0.34296875 0.883159721875 0.34296875 0.85399305625 0.33203125 0.8456597218749999 0.32109375 0.8470486109375 0.31796875 0.8526041671875 0.3171875 0.87899305625 0.321875 0.895659721875 0.33671875 0.901215278125 0.34296875 0.883159721875
10 0.6546875 0.83984375 0.04375 0.1375
10 0.4512854296875 0.4296875 0.44974254687500004 0.4358796296875 0.44974254687500004 0.4581018515625 0.45443004687500005 0.466435184375 0.459898796875 0.4650462953125 0.463805046875 0.45393518437499997 0.4688115546875 0.4296875 0.4512854296875 0.4296875
10 0.44598028593750005 1 0.449744490625 0.98773148125 0.446619490625 0.9543981484374999 0.435681990625 0.9293981484374999 0.432556990625 0.9307870375 0.42161949062500004 0.97384259375 0.420056990625 0.9918981484374999 0.4237028234375 1 0.44598028593750005 1
10 0.60078125 0.6048611109375 0.60859375 0.596527778125 0.609375 0.5631944437499999 0.6015625 0.534027778125 0.5984375 0.5354166671875 0.5921875 0.559027778125 0.58203125 0.578472221875 0.58046875 0.5895833328125 0.58515625 0.6020833328124999 0.60078125 0.6048611109375