10 0.38828125 0.32109375 0.0265625 0.040625
10 0.37109375 0.4984375 0.021875 0.0390625
10 0.2859375 0.19375 0.025 0.0296875
10 0.81015625 0.371875 0.0234375 0.034375
10 0.7515625 0.23984375 0.01875 0.046875
10 0.55859375 0.146875 0.015625 0.040625
10 0.590625 0.25546875 0.0203125 0.034375
10 0.78984375 0.0421875 0.0171875 0.084375
10 0.7046875 0.025 0.015625 0.05
10 0.971875 0.1890625 0.0171875 0.034375
10 0.4140625 0.76953125 0.009375 0.0546875
10 0.5859375 0.9875 0.040625 0.025
10 0.75234375 0.94921875 0.0234375 0.0546875
10 0.909375 0.834375 0.025 0.05
10 0.46015625 0.6453125 0.046875 0.0421875