10 0.25 0.465625 0.01875 0.046875
10 0.08203125 0.509375 0.0171875 0.05
10 0.13828125 0.303125 0.015625 0.0609375
10 0.125 0.15859375 0.015625 0.04375
10 0.7947044375 0.150250771875 0.7868919375 0.14608410624999998 0.7790794375 0.1669174390625 0.7790794375 0.1891396609375 0.7845481875 0.200250771875 0.7907981875 0.20163966093750002 0.7986106875 0.19330632812499998 0.7947044375 0.150250771875
10 0.71319465625 0.301176696875 0.71319465625 0.28451003125 0.70928840625 0.27201003125 0.6991321562499999 0.26089891875000004 0.6889759062499999 0.2706211421875 0.68819465625 0.2928433640625 0.69366340625 0.30951003125 0.70928840625 0.313676696875 0.71319465625 0.301176696875
10 0.6184902171875 0.1533371921875 0.6161464671875 0.11722608125 0.6091152171875 0.1075038578125 0.5981777171875 0.1130594140625 0.5934902171875 0.13250385781250001 0.5934902171875 0.149170525 0.6005214671875 0.1602816359375 0.6083339671875 0.1630594140625 0.6184902171875 0.1533371921875
10 0.58428840625 0.24253472187499997 0.57647590625 0.24253472187499997 0.5702259062499999 0.2536458328125 0.5702259062499999 0.26614583281250004 0.58038215625 0.27309027812500003 0.59600715625 0.2619791671875 0.59288215625 0.2494791671875 0.58428840625 0.24253472187499997
10 0.1921875 0.8517361109374999 0.1859375 0.865625 0.18125 0.91006944375 0.18515625 0.9392361109374999 0.20078125 0.950347221875 0.21875 0.950347221875 0.2328125 0.940625 0.23671875 0.9267361109374999 0.2375 0.9045138890625001 0.23359375 0.878125 0.22265625 0.862847221875 0.1921875 0.8517361109374999
10 0.8578125 0.92890625 0.01875 0.034375
10 0.76015625 0.6890625 0.009375 0.0203125
10 0.68046875 0.73125 0.0125 0.040625
10 0.67890625 0.8890625 0.015625 0.04375
10 0.56484375 0.86953125 0.015625 0.034375
10 0.5140625 0.63203125 0.009375 0.0203125