10 0.59140625 0.37421875 0.0328125 0.0515625
10 0.03671875 0.20390625 0.0734375 0.1953125
10 0.32421875 0.2796875 0.021875 0.0359375
10 0.153125 0.06953125 0.0265625 0.0453125
10 0.1375 0.3421875 0.025 0.0421875
10 0.64453125 0.27265625 0.0515625 0.1640625
10 0.2609375 0.7765625 0.0375 0.06875
10 0.071875 0.8296875 0.040625 0.053125
10 0.45859375 0.75859375 0.0203125 0.03125
10 0.35859375 0.83984375 0.025 0.0453125
10 0.63359375 0.76640625 0.0296875 0.0734375
10 0.721875 0.8796875 0.021875 0.0453125
10 0.85234375 0.86953125 0.01875 0.0359375