10 0.5625 0.08671875 0.05 0.0671875
10 0.609375 0.3390625 0.63133993125 0.3390625 0.633143578125 0.32728913125000003 0.6464220234375 0.2847947703125 0.633653271875 0.2668199484375 0.6283938703125 0.26884858437500003 0.6203718546875 0.2773454625 0.6102867 0.3091847390625 0.609375 0.311586771875 0.609375 0.3390625
10 0.81328125 0.02578125 0.0421875 0.0515625
10 0.190625 0.65078125 0.0421875 0.084375
10 0.10625 0.9625 0.0390625 0.059375
10 0.08125 0.56640625 0.03125 0.04375
10 0.10390625 0.68515625 0.0328125 0.05
10 0.075 0.62734375 0.03125 0.040625
10 0.87734375 0.82421875 0.05 0.0890625
10 0.94296875 0.52734375 0.040625 0.0921875
10 0.79609375 0.50703125 0.0390625 0.0953125
10 0.8421875 0.5640625 0.0421875 0.084375