10 0.22734375 0.3125 0.0296875 0.046875
10 0.29375 0.33515625 0.028125 0.0359375
10 0.259375 0.10234375 0.0421875 0.0953125
10 0.5953125 0.42265625 0.025 0.0328125
10 0.62109375 0.35859375 0.1140625 0.1046875
10 0.1727312890625 0.45627723124999997 0.1673133421875 0.46518024062499996 0.1569966140625 0.48951987187499996 0.1565121953125 0.4964474015625 0.1675284859375 0.518101940625 0.183014265625 0.50943885 0.182033746875 0.5024088812499999 0.1843644765625 0.484008125 0.1829297234375 0.46720043125000005 0.18032960468749998 0.45959311718749996 0.1770808359375 0.45379681875 0.1727312890625 0.45627723124999997
10 0.24609375 0.65859375 0.0171875 0.025
10 0.0647335484375 0.8896140921875 0.0711663671875 0.8984175999999999 0.08470591562499999 0.8951875359375 0.0933670671875 0.872124415625 0.09578916562499999 0.837486775 0.0891583046875 0.820315734375 0.076204334375 0.8263713078125001 0.0711449921875 0.8427248875 0.0647335484375 0.8896140921875
10 0.87578125 0.50859375 0.021875 0.0421875
10 0.990625 0.8625 0.01875 0.05625
10 0.83671875 0.815625 0.01875 0.046875
10 0.80234375 0.53359375 0.025 0.0296875