10 0.29609375 0.0296875 0.0453125 0.059375
10 0.17265625 0.1546875 0.0421875 0.05625
10 0.26953125 0.37421875 0.046875 0.0859375
10 0.51640625 0.284375 0.0703125 0.1359375
10 0.51640625 0.0203125 0.0390625 0.040625
10 0.9088027875 0.0883437234375 0.917136575 0.097394840625 0.9317759484374999 0.096498340625 0.9384336781249999 0.078079484375 0.9352351671875001 0.050258025 0.9243052687500001 0.0420329703125 0.9204594281249999 0.0482722 0.9160853796874999 0.067218284375 0.9100922234375 0.0758126109375 0.9088027875 0.0883437234375
10 0.9965661593749999 0.3024629375 0.9931518718750001 0.285995040625 0.9855793125 0.277119665625 0.9748427281250001 0.2888951515625 0.9666625453125001 0.306962521875 0.9627769984375 0.320319696875 0.9747408468750001 0.3344851484375 0.9897323609375 0.3251174109375 0.9965661593749999 0.3024629375
10 0.7929706281250001 0.5302489625 0.8041957156249999 0.5128845640625 0.80771188125 0.483762465625 0.7982474875000001 0.45877067968749996 0.7890730609375 0.46377970937499996 0.7798761703125 0.5001428437500001 0.778683390625 0.5226742265625 0.784284703125 0.52966908125 0.7929706281250001 0.5302489625
10 0.07578125 0.90390625 0.0125 0.0203125
10 0.24921875 0.97109375 0.021875 0.034375
10 0.2078125 0.72109375 0.021875 0.0390625
10 0.7890625 0.83203125 0.0421875 0.0828125
10 0.91171875 0.65234375 0.0359375 0.059375