10 0.13851572343750002 0.055535428124999994 0.146428671875 0.043914057812500004 0.1459356640625 0.0340794265625 0.138938346875 0.019947659375 0.12621849375 0.0127119265625 0.11446705937499999 0.013789853125000001 0.1138401953125 0.0409015296875 0.12294340156250001 0.057425509374999996 0.13851572343750002 0.055535428124999994
10 0.78515625 0.35390625 0.034375 0.0796875
10 0.6328125 0.446875 0.028125 0.053125
10 0.6453125 0.23359375 0.028125 0.0625
10 0.60234375 0.084375 0.0234375 0.0453125
10 0.40234375 0.25703125 0.021875 0.0296875
10 0.3147637203125 0.7116852765624999 0.33359699531250003 0.7176215625 0.34400671875 0.7139889921875 0.3543988453125 0.6990008203125 0.3578781796875 0.6627633265625 0.3545151046875 0.6506989125 0.346091553125 0.641130053125 0.331470053125 0.6399781984375 0.30516750625 0.685326665625 0.3078685234375 0.70179155625 0.3147637203125 0.7116852765624999
10 0.1959324953125 0.55093444375 0.20204591718749998 0.5496349953124999 0.2127268109375 0.5360053609375 0.22386551875 0.509499159375 0.20189100781249997 0.51133015 0.188984509375 0.506973921875 0.1831774484375 0.5209875078125 0.1854030546875 0.5389733703124999 0.18913941875 0.5452787671875 0.1959324953125 0.55093444375
10 0.7334680890625 0.9230777875000001 0.7481741125 0.917112090625 0.7494982265625 0.9083111359375 0.7408352390624999 0.8675549859375 0.7354683984375 0.8573364031249999 0.727622378125 0.850484621875 0.720744778125 0.8519465015625001 0.7154976546875 0.8573215640624999 0.71380025 0.871881534375 0.7214102921875 0.9114415765625001 0.7334680890625 0.9230777875000001
10 0.5975063140625 0.7456160125 0.58860735 0.7375681234375 0.5857724765625 0.758049540625 0.5903927375 0.779786153125 0.5967104015625 0.786962796875 0.6017708796875001 0.784467240625 0.6032816390625 0.7727867796875 0.5975063140625 0.7456160125
10 0.5613065500000001 0.6316709125 0.5563975234375 0.6085757609375 0.5445263734375001 0.594060040625 0.539177128125 0.5951970578125 0.5351871906250001 0.6102443203125001 0.5351202625 0.628717475 0.543068403125 0.639807303125 0.5556861359375 0.642804990625 0.5613065500000001 0.6316709125
10 0.5796669999999999 1 0.5867142140625 0.9954488937499999 0.5913662078125 0.9760011546874999 0.585897246875 0.9615445265624999 0.5791041703124999 0.9558888515625 0.5715645125 0.9617512078124999 0.5669970421875 0.97408139375 0.5680675828125 0.9866330999999999 0.5758366765625 1 0.5796669999999999 1