10 0.26640625 0.17578125 0.0390625 0.0921875
10 0.19296875 0.2546875 0.040625 0.084375
10 0.5890625 0.1421875 0.040625 0.053125
10 0.7140625 0.028125 0.04375 0.05625
10 0.3030846 1 0.3108493375 0.9829538328125 0.3086226078125 0.966362846875 0.2924383140625 0.934463725 0.2807816734375 0.894392203125 0.27389092656249997 0.88885594375 0.2632337546875 0.8913163468749999 0.256598490625 0.9042515968749999 0.256053040625 0.915780903125 0.2775541015625 0.985414096875 0.28415536874999997 1 0.3030846 1
10 0.303125 0.5984375 0.05 0.0890625
10 0.22734375 0.325 0.0390625 0.05
10 0.09609375 0.740625 0.040625 0.078125
10 0.15390625 0.3828125 0.040625 0.084375
10 0.5999788953125 0.549392559375 0.5967182125 0.5387419687499999 0.58539646875 0.5313778421875 0.5773354078125 0.53466430625 0.5723589609374999 0.5443657453125 0.574722053125 0.5580744046875 0.5849701390625001 0.5642609828125 0.5965249 0.5587425109374999 0.5999788953125 0.549392559375
10 0.9610751109375 0.8979299078124999 0.9579110843749999 0.8772790453125001 0.947134790625 0.8583856125 0.9317341890625 0.8576648546874999 0.9276553312499999 0.8643082218749999 0.9325178812499999 0.8888432171874999 0.942669309375 0.9050300671875 0.9565474578125001 0.906102309375 0.9610751109375 0.8979299078124999