10 0.5402085750000001 0.25610148593750004 0.55377713125 0.256057234375 0.562165490625 0.24291489375 0.558189690625 0.2054222046875 0.5402720453125001 0.17373278125 0.5269746609375 0.1637799703125 0.5249215609375 0.19545455312499999 0.5304433125 0.2439779828125 0.5402085750000001 0.25610148593750004
10 0.4442399375 10 0.4479158734375 0.017293921875 0.45681483749999996 0.025341810937499997 0.47104545 0.020897082812500002 0.47121449843749996 0.0066619750000000005 0.46852698750000005 10 0.4442399375 0
10 0.2905832265625 0.10753270781249999 0.2989046578125 0.11286352031249999 0.30423630625000003 0.10037090468750001 0.3020107015625 0.08238504375 0.295675440625 0.0638528 0.28400853125 0.057813171875 0.2793565359375 0.0772609125 0.28282173125 0.093563371875 0.2905832265625 0.10753270781249999
10 0.257695303125 0.21959714687499998 0.251293115625 0.21953805625 0.24385557812499997 0.2296384578125 0.24864488749999997 0.23713996406249999 0.25810378749999996 0.23654933125 0.2604808453125 0.22894448281250002 0.257695303125 0.21959714687499998
10 0.4161616546875 0.3676635234375 0.41930289062500004 0.35989624375 0.4141050984375 0.3354425546875 0.405206134375 0.327394665625 0.3936765390625 0.348304284375 0.39685296718749996 0.36324820468749996 0.40106474375 0.368032634375 0.4161616546875 0.3676635234375
10 0.277898259375 0.431130334375 0.2693549890625 0.4059678296875 0.258741025 0.4011243109375 0.2537826671875 0.4078579109375 0.25142320625000003 0.4268183578125 0.2572830546875 0.4468715703125 0.26657290625 0.4605160453125 0.274876740625 0.45449125781250005 0.277898259375 0.431130334375
10 0.837881753125 0.5221485515625 0.8380508015625001 0.5079134437499999 0.83334601875 0.49329438437500006 0.8196753421875 0.48910058906250004 0.815107871875 0.501430775 0.8167559437499999 0.516699559375 0.8265212078124999 0.5288230640625 0.8332121625 0.5302406921875 0.837881753125 0.5221485515625
10 0.8746848734375 0.3044935546875 0.8868095968749999 0.2976566140625 0.88792946875 0.2803795671875 0.8785199 0.251141446875 0.8658845718749999 0.2367881609375 0.86235245 0.23895885468750003 0.86113045625 0.2519978546875 0.8601303015624999 0.2848685453125 0.8637821421874999 0.29829149843749997 0.8746848734375 0.3044935546875
10 0.7120377234374999 0.52964975625 0.7083682875 0.5048712046875 0.6977367265625001 0.488672084375 0.6939158375 0.48948424062500007 0.691556375 0.5084446875 0.69128520625 0.5184417484375 0.69627875625 0.534419346875 0.7070793671875 0.5363833578125 0.7120377234374999 0.52964975625
10 0.8137761890625 0.6220912828125 0.80413064375 0.625561425 0.802228996875 0.6316453015625 0.806169603125 0.6464267921875 0.8202135703125 0.6448615734375001 0.823643571875 0.638452834375 0.8210446765625001 0.6262259890624999 0.8137761890625 0.6220912828125
10 0.12421875 0.75390625 0.025 0.0375
10 0.04375 0.87421875 0.015625 0.0265625
10 0.2125 0.67578125 0.015625 0.0140625
10 1 0.66875 0.999187859375 0.66875 0.991415828125 0.6800479703125 0.9870526 0.700854246875 0.9924370375 0.72242843125 0.9992301140625 0.7280841046875001 1 0.7279204609375001 1 0.66875