10 0.478125 0.33828125 0.021875 0.0359375
10 0.30234375 0.35 0.0328125 0.065625
10 0.2125 0.125 0.0328125 0.0796875
10 0.05859375 0.215625 0.0265625 0.053125
10 0.0734375 0.01640625 0.028125 0.0328125
10 0.0109375 0.35 0.0203125 0.0296875
10 0.2876549921875 0.8663909015625 0.2757622296875 0.8870961156250001 0.28553955000000003 0.9333016640625 0.29948438906249997 0.9518143265625 0.321013765625 0.9561187437499999 0.347449415625 0.9283420265625001 0.34789501718750004 0.9183512203124999 0.319599621875 0.858766609375 0.308011753125 0.8482851046875 0.2939144671875 0.8453658015624999 0.2876549921875 0.8663909015625
10 0.55703125 0.7078125 0.0421875 0.0859375
10 0.50546875 0.88671875 0.0328125 0.0546875
10 0.85625 0.8765625 0.065625 0.1359375
10 0.7484375 0.62109375 0.0375 0.0578125
10 0.58984375 0.48984375 0.0328125 0.06875