10 0.15 0.109375 0.03125 0.06875
10 0.259375 0.00859375 0.03125 0.0171875
10 0.434375 0.2640625 0.04375 0.0703125
10 0.28828125 0.240625 0.0328125 0.046875
10 0.6580049671875 0.1042763859375 0.6542536953125 0.1220069375 0.6566074625 0.13488981718749998 0.672552896875 0.1396463078125 0.683649021875 0.132612825 0.69790616875 0.07419265781249999 0.6936630234375001 0.06387643125 0.6882350359375 0.0632099578125 0.6755880578125 0.07005301875 0.6580049671875 0.1042763859375
10 0.7942658328125 0.2595397171875 0.7934195171875 0.2664323984375 0.8032874 0.2886338109375 0.819205346875 0.28079305468750004 0.8313879390625001 0.2585004609375 0.8334899828125 0.2349701328125 0.8296837374999999 0.227506190625 0.82132330625 0.22508033906249997 0.8058422593750001 0.235773378125 0.7942658328125 0.2595397171875
10 0.2140625 0.99296875 0.028125 0.0140625
10 0.22578125 0.94375 0.0234375 0.0453125
10 0.52578125 0.82578125 0.0234375 0.053125
10 0.45859375 0.6671875 0.0265625 0.0515625
10 0.446875 0.57578125 0.0515625 0.090625
10 0.57890625 0.775 0.0203125 0.071875
10 0.69140625 0.50859375 0.0390625 0.028125