10 0.298496809375 0.359375 0.3024592296875 0.35035678593749997 0.295145059375 0.33070929531250004 0.28672869218749997 0.32278787656249996 0.27957029843750003 0.3231412578125 0.27442791875 0.3315804359375 0.278287875 0.353520565625 0.2838159671875 0.359375 0.298496809375 0.359375
10 0.0866310671875 0.341186846875 0.085709096875 0.33425967968750003 0.073760628125 0.31863046562499997 0.060537884374999996 0.3204958578125 0.059607765624999996 0.3264533953125 0.0631317171875 0.34704589218750004 0.0686019484375 0.3528390484375 0.0787925171875 0.35172966250000004 0.0866310671875 0.341186846875
10 0.056493340625 0.1883833484375 0.0534693171875 0.176254653125 0.045474990625 0.16679660000000002 0.0401686859375 0.16811960937499998 0.034940268749999996 0.1794430546875 0.0389723015625 0.19561465 0.047810709374999996 0.201999434375 0.054297098437500003 0.19895078906250002 0.056493340625 0.1883833484375
10 0.1424622453125 0.10969258125 0.13674205 0.099667525 0.12259733749999999 0.09460575 0.11653298906250001 0.09611776093749999 0.1123125796875 0.11148410625 0.11600860937499999 0.12630806875 0.12451101406250001 0.13134521875 0.1401799640625 0.1231442890625 0.1424622453125 0.10969258125
10 0.7437347984375 0.2258733140625 0.7364206296875 0.20622582500000003 0.7280042625 0.19830440625 0.72084586875 0.19865778750000002 0.7157034890625 0.2070969640625 0.71956344375 0.2290370953125 0.7272217671875 0.23714751562499997 0.7380843421875 0.2387333953125 0.7437347984375 0.2258733140625
10 0.5556865656250001 0.2240911390625 0.554764596875 0.2171639734375 0.5428161265625 0.201534759375 0.529593384375 0.2034001515625 0.5286632640625 0.20935768906250002 0.532187215625 0.2299501859375 0.5376574468750001 0.23574334375 0.547848015625 0.2346339578125 0.5556865656250001 0.2240911390625
10 0.5188123140625 0.07296724843749999 0.515788290625 0.060838551562499996 0.507793965625 0.0513804984375 0.5024876609375 0.052703509375 0.49725924375 0.0640269546875 0.501291275 0.08019854843749999 0.5101296828125 0.086583334375 0.5166160718749999 0.08353468750000001 0.5188123140625 0.07296724843749999
10 0.4296875 0.247879459375 0.43684580781250004 0.24799583749999998 0.44131617968750003 0.23686139218750002 0.43712022343749996 0.21357362968750002 0.4296875 0.2050484 0.4296875 0.247879459375
10 0.3152737203125 0.68323388125 0.3207439515625 0.6890270375 0.3396090015625 0.6871862671875 0.3447513796875 0.678747090625 0.33079504531250004 0.6421473765625001 0.32077655312500003 0.6374882265625 0.3150482078125 0.640347871875 0.3120078828125 0.6539885812499999 0.3152737203125 0.68323388125
10 0.042053812499999996 0.59819461875 0.047704270312500005 0.5853345390625 0.0440942796875 0.5676263078125 0.030793648437499998 0.559491265625 0.017054676562500003 0.5786622625 0.02083674375 0.5906019578125 0.027401020312500003 0.5975537453124999 0.042053812499999996 0.59819461875
10 0.2032843390625 0.792746215625 0.20101835937499998 0.7804285171875 0.193110071875 0.768086196875 0.1754251046875 0.7682013296875 0.174486834375 0.7870435687499999 0.1818010046875 0.8066910593750001 0.197297878125 0.8042586625 0.2032843390625 0.792746215625
10 0.3678911921875 0.9750047359374999 0.3550370546875 0.9266789515625 0.341494609375 0.9014273046875001 0.33610226718749997 0.9056345828125 0.331443515625 0.9483069671875001 0.33673352031250003 0.9727533625 0.34539985156249997 0.98490668125 0.3619047328125 0.9865171828125 0.3678911921875 0.9750047359374999
10 0.5430081609374999 0.7915098781250001 0.535693990625 0.7718623874999999 0.527277625 0.76394096875 0.5201192296875 0.7642943484375 0.5149768515625001 0.7727335281250001 0.5188368062500001 0.7946736578125 0.5264951296875 0.8027840765625001 0.537357703125 0.8043699578125001 0.5430081609374999 0.7915098781250001