10 0.6394272 0.1363244125 0.6368057968749999 0.1192107125 0.6263317500000001 0.0955355546875 0.62323004375 0.0951547140625 0.620832875 0.10185697499999999 0.616262775 0.13907745625 0.6280909250000001 0.1517243234375 0.6371284078125 0.148636028125 0.6394272 0.1363244125
10 0.4333951671875 0.2565560578125 0.4380752140625 0.26972456718750004 0.4377916609375 0.29767613437499996 0.44307787187500003 0.3123183921875 0.45686628906250004 0.315410715625 0.47561830625 0.30371998125 0.4782281390625 0.27605404375 0.4699819984375 0.2470551625 0.45694152031249996 0.2314608015625 0.44203915 0.231030340625 0.43748496562500006 0.2360684328125 0.4333951671875 0.2565560578125
10 0.2499072234375 0.9034552265624999 0.256465078125 0.8692774484375001 0.247809521875 0.85002353125 0.23419036875 0.845552671875 0.22723901406250002 0.8572930249999999 0.21707166406249997 0.8952255687499999 0.2280535 0.9147651187499999 0.2499072234375 0.9034552265624999
10 0.158121978125 0.6051250765624999 0.168781203125 0.5952393109375 0.16511673437500002 0.5737995828125 0.15787025625 0.56871186875 0.1495373125 0.578883265625 0.1468999921875 0.5939519546875001 0.1513124015625 0.602889646875 0.158121978125 0.6051250765624999
10 0.4296875 0.7801204921875 0.426441096875 0.7818005937500001 0.421379121875 0.790974296875 0.42325258593750004 0.8205900328125001 0.4296875 0.8213801406249999 0.4296875 0.7801204921875
10 0.98828125 0.984375 0.0234375 0.03125
10 0.93359375 0.72734375 0.03125 0.071875
10 0.75859375 0.79609375 0.0296875 0.0609375
10 0.915625 0.48671875 0.021875 0.0625
10 0.746875 0.5203125 0.0234375 0.053125
10 0.6546875 0.63828125 0.01875 0.0296875
10 0.59296875 0.853125 0.0140625 0.0359375