10 0.1640625 0.0640625 0.0203125 0.05
10 0.04765625 0.05859375 0.01875 0.0265625
10 0.4109375 0.3515625 0.021875 0.034375
10 0.7598704 0.2359378828125 0.751499471875 0.24782379843750002 0.7493547609375 0.25916498906249996 0.7531414828124999 0.338302765625 0.7668044125 0.35104935625 0.783926509375 0.3495513671875 0.79426911875 0.33331036875 0.794373078125 0.3165709421875 0.7827857890625 0.28272984375 0.7768194671875 0.2414260046875 0.7707662796875001 0.2349846171875 0.7598704 0.2359378828125
10 0.3374790734375 0.683190353125 0.34664536875 0.6893593765625 0.3527505359375 0.68743105 0.360637265625 0.6700107203125001 0.363612234375 0.650231725 0.36162346093750003 0.636463778125 0.35880443125 0.631133634375 0.3451585921875 0.6365100734375 0.33320744687500004 0.661256965625 0.3337607171875 0.6765446953125 0.3374790734375 0.683190353125
10 0.5505019921875001 0.6798894000000001 0.5348154 0.6798676046875001 0.521895859375 0.6935456656250001 0.5252161796875 0.722533253125 0.5440329703125 0.7404057171874999 0.5550847875 0.7143433124999999 0.555067696875 0.6962202828125 0.5505019921875001 0.6798894000000001
10 0.559375 0.384726815625 0.5554863546875 0.3783073734375 0.5366866531250001 0.3785579390625 0.5332794671875 0.38443280625 0.53365970625 0.406706646875 0.53995499375 0.41591524062499996 0.5557626359375 0.41732063906250005 0.559375 0.41008636249999997 0.559375 0.384726815625
10 0.2574582015625 0.3960162921875 0.2555555890625 0.410124690625 0.26095155000000003 0.4180177703125 0.2663994890625 0.41754113750000005 0.273992140625 0.40572331406249995 0.269910634375 0.3949268453125 0.2574582015625 0.3960162921875
10 0.213319296875 0.572758028125 0.201835259375 0.58491630625 0.19981159843750002 0.5976411015625 0.20048591718750003 0.6143124359375 0.2066601546875 0.6221374265625 0.2177981328125 0.6239513671875001 0.22359213125 0.609502515625 0.213319296875 0.572758028125
10 0.7931288125 0.955419228125 0.795031425 0.941310828125 0.792143325 0.9262273671875001 0.7790856421875001 0.9203987953125001 0.7730495453125 0.9320804390624999 0.7728245375 0.9474362625000001 0.781039528125 0.9606594859375001 0.78750784375 0.9628819703125 0.7931288125 0.955419228125
10 0.8561830796875001 0.7438717703125001 0.869050640625 0.738563421875 0.8722677078124998 0.721551634375 0.8664915078125001 0.6913847125 0.8556995859375001 0.6755985546875 0.8519292500000001 0.6773226109375 0.8491273109374999 0.690115496875 0.8441286828125 0.7226192859375 0.84611745625 0.7363872328125 0.8561830796875001 0.7438717703125001
10 0.6673086390625 0.947527990625 0.6666863000000001 0.9224869421874999 0.658108159375 0.90511290625 0.654216775 0.9054533578124999 0.649564203125 0.9239849312499999 0.64807671875 0.9338744281250001 0.65108586875 0.9503414937500001 0.6615666203125 0.9536071281249999 0.6673086390625 0.947527990625
10 0.6074110687500001 0.7120374796875 0.605595325 0.6912834234374999 0.5958237796875 0.67819638125 0.5860693265625 0.6832323671875 0.578476675 0.6950501921875001 0.577231290625 0.707706896875 0.58532523125 0.7195465171875 0.5989190921875001 0.7225397906250001 0.6074110687500001 0.7120374796875
10 0.9828711390624999 0.96685771875 0.9817126218750001 0.94465196875 0.9737917093749999 0.9258262406250001 0.9600768000000001 0.9214493625 0.9541097734375 0.942884321875 0.9542479140625 0.9623909562499999 0.9591076968750001 0.973119334375 0.9672536171874999 0.9765892421875 0.9828711390624999 0.96685771875