10 0.3515625 0.01328125 0.01875 0.0265625
10 0.10234375 0.10859375 0.015625 0.021875
10 0.969476996875 10 0.96796875 0.024131943750000003 0.9703125 0.028298610937500003 0.98125 0.03524305625 0.9890625 0.03524305625 0.99296875 0.0296875 0.99296875 0.007465278125 0.9907291671875 10 0.969476996875 0
10 0.82890625 0.101909721875 0.82890625 0.08663194375 0.82109375 0.07413194375 0.80859375 0.0713541671875 0.803125 0.08663194375 0.80234375 0.1088541671875 0.8078125 0.12552083281249998 0.82265625 0.1130208328125 0.82890625 0.101909721875
10 0.9453125 0.314409721875 0.94453125 0.282465278125 0.9375 0.264409721875 0.92265625 0.27829861093749997 0.9171875 0.2921875 0.91875 0.31163194375000003 0.93125 0.3282986109375 0.93828125 0.3282986109375 0.9453125 0.314409721875
10 0.68046875 0.3157986109375 0.68046875 0.2935763890625 0.6765625 0.27690972187499996 0.6703125 0.2657986109375 0.65546875 0.27274305625 0.6546875 0.3171875 0.665625 0.3296875 0.67578125 0.326909721875 0.68046875 0.3157986109375
10 0.52861870625 0.459375 0.528125 0.4435763890625 0.51875 0.4296875 0.51328125 0.4310763890625 0.5015625 0.44774305625000005 0.5025691109375 0.459375 0.52861870625 0.459375
10 0.49609375 0.21024305625 0.5 0.20190972187499998 0.4984375 0.17135416718750002 0.49375 0.16163194375 0.48671875 0.1685763890625 0.48203125 0.18524305624999998 0.4828125 0.20052083281250002 0.490625 0.21163194375 0.49609375 0.21024305625
10 0.24140625 0.8578125 0.0265625 0.075
10 0.07109375 0.90703125 0.0359375 0.075
10 0.12734375 0.69921875 0.015625 0.0625
10 0.1140625 0.54921875 0.015625 0.05625
10 0.2484375 0.6828125 0.0125 0.040625
10 0.009375 0.5609375 0.01875 0.08125
10 0.6515625 0.94131944375 0.65 0.9315972218749999 0.6359375 0.906597221875 0.634375 0.8482638890625 0.6365490406250001 0.7862268515624999 0.6078125 0.812152778125 0.5984375 0.812152778125 0.58984375 0.8232638890625001 0.58203125 0.8496527781250001 0.56640625 0.86493055625 0.5609375 0.881597221875 0.56015625 0.944097221875 0.57578125 0.9746527781250001 0.6015625 0.9746527781250001 0.61953125 0.96631944375 0.63203125 0.9454861109374999 0.6453125 0.9524305562500001 0.6515625 0.94131944375