10 0.08359375 0.06328125 0.0375 0.05
10 0.24140625 0.01484375 0.0390625 0.0296875
10 0.9015625 0.39140625 0.03125 0.0171875
10 0.790625 0.29453125 0.028125 0.034375
10 0.753125 0.11015625 0.0546875 0.1109375
10 0.91171875 0.13515625 0.01875 0.0328125
10 0.105882246875 0.8375740453125001 0.095052115625 0.8472722749999999 0.0904111609375 0.8578403390624999 0.085529825 0.930553815625 0.08674409375 0.9512950312499999 0.10376432656250001 0.9536870687500001 0.1174952859375 0.9401889078125001 0.12136213124999999 0.9239018999999999 0.1176844140625 0.8883215718749999 0.12116235312500001 0.846734215625 0.1167133046875 0.8390962500000001 0.105882246875 0.8375740453125001
10 0.24765625 0.57890625 0.0421875 0.0875
10 0.37421875 0.9265625 0.0109375 0.06875
10 0.01015625 0.6375 0.0203125 0.078125
10 0.44609375 0.79609375 0.0390625 0.0546875
10 0.51015625 0.5390625 0.0359375 0.0421875