10 0.175 0.40546875 0.028125 0.0609375
10 0.2453125 0.40078125 0.0203125 0.04375
10 0.146875 0.08046875 0.140625 0.1609375
10 0.52890625 0.45546875 0.034375 0.0609375
10 0.78828125 0.31484375 0.0375 0.025
10 0.55546875 0.0546875 0.01875 0.0484375
10 0.01875 0.7515625 0.0265625 0.0671875
10 0.125 0.66953125 0.0296875 0.0765625
10 0.19609375 0.653125 0.0296875 0.090625
10 0.40234375 0.52890625 0.0296875 0.0203125
10 0.71640625 0.91875 0.034375 0.0859375
10 0.7234375 0.61484375 0.021875 0.090625
10 0.57109375 0.625 0.0203125 0.09375
10 0.634375 0.67265625 0.025 0.08125