10 0.23730139062500002 0.07789715625 0.246961509375 0.0698960796875 0.2481300546875 0.058819003125000005 0.2432462953125 0.041971634375 0.234948609375 0.0333434578125 0.22328546875000002 0.0315464375 0.219047528125 0.0633623609375 0.22261209843750002 0.0732149875 0.23730139062500002 0.07789715625
10 0.0741395921875 0.25883293281249997 0.08161326249999999 0.2910578359375 0.0869817375 0.29402477656250003 0.0966903265625 0.284635659375 0.09971125 0.26528485625 0.09502137656250001 0.24288531406249997 0.08843065312500001 0.23014754218750003 0.0822329328125 0.228541378125 0.07398894843750001 0.2407611109375 0.0741395921875 0.25883293281249997
10 0.6694485578125 0.37244996874999997 0.6807671671875 0.3617273390625 0.68734743125 0.329993209375 0.6817313671875 0.3117305328125 0.675485175 0.3115124109375 0.6626534890625 0.32079246562499997 0.6566548843750001 0.33587008125 0.6572470015625 0.3636854671875 0.662421590625 0.37220458125 0.6694485578125 0.37244996874999997
10 0.8648359640625 0.3737141046875 0.8683416031250001 0.34048287187500004 0.8641901453124999 0.325050809375 0.8556985734375001 0.32197480624999997 0.842479115625 0.34235920625 0.84326511875 0.364622421875 0.85205275 0.38160611875 0.8574696968750001 0.38318501718750003 0.8648359640625 0.3737141046875
10 0.857348009375 0.07326975625 0.8674011296875002 0.0764002890625 0.8754512281250001 0.069732728125 0.8797913421875 0.057376668750000005 0.8811537749999999 0.0407474203125 0.8783699796875 0.030922059374999998 0.86280296875 0.028988712500000003 0.8556305875 0.0329074546875 0.8538266812499999 0.0397931375 0.8522703640625 0.06197455625 0.857348009375 0.07326975625
10 0.5852560859375 0.0971217484375 0.5862359765624999 0.1138327921875 0.5970213984375 0.118378634375 0.6019968718750001 0.11021396875 0.602530059375 0.0949454984375 0.598184715625 0.0850656078125 0.5852560859375 0.0971217484375
10 0.5357213843749999 0.284395984375 0.5271328687500001 0.2840960671875 0.5218665671875 0.30058898749999996 0.5205526062500001 0.31583019375 0.52558178125 0.32851343593750004 0.53753575 0.3219822015625 0.5398728421875 0.2998280453125 0.5357213843749999 0.284395984375
10 0.505517759375 0.782888415625 0.5112255343750001 0.7761390593749999 0.5133202703124999 0.76092511875 0.5065356609375 0.75373951875 0.5025348468749999 0.756379278125 0.5006772406250001 0.7424170531250001 0.4961380109375 0.7380893328125 0.4942371609375 0.7477511015625 0.49033329062500003 0.7476147765625 0.4882817984375 0.7392047234375 0.479450925 0.7458450203125 0.47896620937499995 0.7597254484375 0.4830154953125 0.755697646875 0.48662853593750005 0.7641622296875 0.4920454828125 0.7657411296875 0.48751148281249995 0.783649359375 0.49390309062500004 0.7797033531249999 0.505517759375 0.782888415625
10 0.6307384015624999 1 0.6325401718749999 0.995784459375 0.6310166359375 0.949869984375 0.6267682359375 0.9372140078125 0.6052995624999999 0.9475821906250002 0.5995970171874999 0.976567496875 0.6027146 1 0.6307384015624999 1
10 0.3300435625 1 0.3341390578125 0.98953326875 0.3349630734375 0.965936540625 0.3229986453125 0.9279958749999999 0.307280990625 0.90799070625 0.30259634687500003 0.9078271156250001 0.2947938359375 0.9297904124999998 0.3021757921875 0.9870273515625 0.307122734375 1 0.3300435625 1
10 0.3846289046875 0.50627873125 0.3954628 0.5094365296875 0.401170575 0.5026871734375 0.40326531093749995 0.4874732328125 0.39965226875 0.4790086484375 0.39194147187499995 0.4759599109375 0.37993903125 0.4838791890625 0.37872201250000004 0.49634430937499996 0.3846289046875 0.50627873125