10 0.175 0.01328125 0.040625 0.0265625
10 0.059375 0.13671875 0.040625 0.0546875
10 0.16640625 0.34296875 0.04375 0.0859375
10 0.4109375 0.24375 0.0640625 0.134375
10 0.26953125 0.13359375 0.0609375 0.121875
10 0.99375 0.39140625 0.0125 0.0796875
10 0.828125 0.42109375 0.025 0.053125
10 0.91875 0.228125 0.0265625 0.0625
10 0.93515625 0.07421875 0.021875 0.0453125
10 0.68515625 0.159375 0.0203125 0.0296875
10 0.88359375 0.85625 0.03125 0.065625
10 0.7015625 0.9265625 0.0328125 0.0625
10 0.87734375 0.6296875 0.025 0.0484375
10 0.7046875 0.64296875 0.025 0.053125
10 0.61015625 0.75859375 0.0203125 0.0296875
10 0.53515625 0.96875 0.015625 0.0359375