10 0.20546875 0.2984375 0.0546875 0.13125
10 0.5125 0.21640625 0.0484375 0.1078125
10 0.05625 0.07265625 0.0375 0.06875
10 0.9510456921875001 0.3095754828125 0.9669911265625 0.3048189921875 0.9701203187499999 0.2918409015625 0.9644796687499999 0.2715437 0.9539188187500001 0.25604857812500004 0.9411734656250001 0.2548148734375 0.9369028328125001 0.2777283484375 0.9403864671875001 0.29968971875 0.9510456921875001 0.3095754828125
10 0.786705865625 0.227603575 0.7975618390625 0.22627062968749997 0.8057804921875 0.20986899375 0.8044538750000001 0.1862434546875 0.795006978125 0.17341019687499998 0.7793291828125 0.1739358703125 0.773873709375 0.187199590625 0.7796561359374999 0.22147257812499999 0.786705865625 0.227603575
10 0.6291987578125 0.053836967187499994 0.6288877187499999 0.038482646875 0.6262229125000001 0.0360112046875 0.6064987203125 0.0356343921875 0.6021572 0.051559975 0.6085023890625 0.0647740765625 0.623404759375 0.0643436140625 0.6291987578125 0.053836967187499994
10 0.215123503125 0.9553012765624999 0.223838375 0.9878148859374999 0.2331160078125 0.999269609375 0.23776856875000002 0.9986983468750001 0.24865202812499998 0.984768153125 0.2486795140625 0.9721709046874999 0.23574898437499997 0.9373762750000001 0.2241450703125 0.926207184375 0.2138677734375 0.9386636312500001 0.215123503125 0.9553012765624999
10 0.38062356875000003 0.86081650625 0.394073459375 0.854967109375 0.397202653125 0.8419890203125 0.394734596875 0.8282988671875 0.38829103125 0.820694121875 0.3772657953125 0.82064853125 0.37069636875 0.8312503906250001 0.36901965468750003 0.8496474140625001 0.38062356875000003 0.86081650625
10 0.304177478125 0.56515131875 0.2935891421875 0.562253446875 0.283481109375 0.5760884296875 0.2868938546875 0.5910619078125 0.3024732765625 0.5961455921875001 0.3123136734375 0.5865414281250001 0.304177478125 0.56515131875
10 0.13002064687499998 0.4 0.1310359765625 0.41149552187499994 0.134208571875 0.4181025734375 0.1423013640625 0.41990754218750004 0.15008311875 0.4063581890625 0.14930243125 0.4 0.13002064687499998 0.4
10 0.08436283125 0.8006397249999999 0.0796393828125 0.7942230953125 0.065921853125 0.8043033125000001 0.0700116515625 0.8247909359375001 0.0827570046875 0.8260246421874999 0.0867325125 0.8199392328125 0.08436283125 0.8006397249999999
10 0.5409951140625 0.8271321640625 0.5431246453125 0.83806524375 0.5620184390625 0.8637317609374999 0.574425265625 0.8622083953124999 0.577991359375 0.8463780218749999 0.5738306734374999 0.8189025078124998 0.5697133890625 0.8110121296875 0.564891565625 0.81020485625 0.5557557078124999 0.8127259171875 0.5409951140625 0.8271321640625
10 0.9029827593749999 0.5611199015625 0.8987945875 0.5462416359375 0.8925202859375 0.540015425 0.88449838125 0.5451983499999999 0.8788736453125001 0.557083534375 0.8788461578125 0.56968078125 0.8863053015624999 0.5855567453124999 0.8966534859374999 0.5800881890625 0.9029827593749999 0.5611199015625
10 0.8220340328125 0.683937571875 0.8224434468750002 0.6936825375 0.8265607312500001 0.7015729140625 0.8391368218749999 0.7014280828125 0.8450291953125 0.6853120796875001 0.8357515624999999 0.67385735625 0.8220340328125 0.683937571875
10 0.9853212234375001 0.8406690843749999 0.97815720625 0.8079650546875001 0.9642544984375 0.784484346875 0.9613220546875001 0.7862437265625 0.955713234375 0.8303112984375 0.9563627984374999 0.8484226906250001 0.9721548859375 0.87447005 0.9825305562500001 0.8564042468749999 0.9853212234375001 0.8406690843749999
10 0.8147866703125001 0.9133829062500001 0.820694959375 0.9294492906249999 0.8264614734375 0.931539890625 0.829055390625 0.9270234390625 0.8291812515625001 0.9088168359375001 0.8252332296875 0.9023049953125 0.8147866703125001 0.9133829062500001