10 0.2746131265625 0.509375 0.2874086453125 0.4988233796875 0.2926802828125 0.48293536406250004 0.292117590625 0.44716989687500003 0.29920687031250004 0.4060439171875 0.2954404453125 0.39804725625000004 0.28478327187499997 0.395586853125 0.273149096875 0.40430427187499995 0.267604734375 0.41442763281249995 0.24675120156250002 0.4908622921875 0.2558065078125 0.5072070984375 0.2651967234375 0.509375 0.2746131265625 0.509375
10 0.0578125 0.17734375 0.0421875 0.0828125
10 0.18046875 0.01328125 0.0359375 0.0265625
10 0.30658276562500003 10 0.3036696734375 0.007005689062500001 0.312139821875 0.018939132812500002 0.32525674375 0.0176911453125 0.3312499015625 0.009096818750000001 0.3333500671875 10 0.30658276562500003 0
10 0.284375 0.16015625 0.0328125 0.0703125
10 0.99233931875 0.509375 0.9922220734374999 0.5019227578125001 0.9993113546875 0.4607967765625 0.9955449281250001 0.4528001171875 0.98488775625 0.450339715625 0.97325358125 0.4590571328125 0.9677092171874999 0.46918049531249995 0.9567430218750002 0.509375 0.99233931875 0.509375
10 0.74921875 0.234375 0.0421875 0.0828125
10 0.86953125 0.06015625 0.0359375 0.059375
10 0.6328125 0.36953125 0.0296875 0.0453125
10 0.98046875 0.21484375 0.0328125 0.0703125
10 0.221875 0.9125 0.0515625 0.1015625
10 0.28515625 0.63671875 0.0390625 0.0921875
10 0.184375 0.6734375 0.0484375 0.10625