10 0.0078125 0.35234375 0.015625 0.0609375
10 0.19453125 0.6125 0.0390625 0.034375
10 0.009375 0.615625 0.01875 0.028125
10 0.29375 0.22890625 0.021875 0.0328125
10 0.79765625 0.47890625 0.0328125 0.0515625
10 0.64140625 0.46328125 0.0203125 0.0375
10 0.665625 0.1453125 0.0265625 0.0359375
10 0.46484375 0.31953125 0.034375 0.046875
10 0.53515625 0.040625 0.021875 0.0328125
10 0.3640625 0.221875 0.021875 0.03125
10 0.74765625 0.7171875 0.040625 0.0609375
10 0.8671875 0.93671875 0.04375 0.0625
10 0.70234375 0.98671875 0.0390625 0.0265625