10 0.6098857843750001 0.022738457812499998 0.6014684390625 0.0199917203125 0.5973923 0.0418651734375 0.6012511484375 0.063749790625 0.6085662390625 0.0737424609375 0.6149624656249999 0.0740249484375 0.6212092078125 0.064461590625 0.6098857843750001 0.022738457812499998
10 0.55582233125 0.1855255046875 0.5529281953125 0.1691120421875 0.5469106874999999 0.15748025937500001 0.5349793093749999 0.1483015640625 0.5266656015625 0.1596396984375 0.5297550703125 0.181659978125 0.5380348734375 0.197123803125 0.554146028125 0.19851391406250002 0.55582233125 0.1855255046875
10 0.4368846046875 0.0563772671875 0.42830583281249995 0.021221753125 0.41969315781249994 0.0128681953125 0.409886534375 0.020238628124999998 0.40864674062499995 0.0402016421875 0.41154087656250005 0.056615106250000005 0.42039473125000004 0.06633645 0.428570896875 0.0677154015625 0.4368846046875 0.0563772671875
10 0.31611995937500004 0.040846446875 0.3124564421875 0.0245686484375 0.3023508515625 0.012247389062499999 0.29129249062499996 0.0170179046875 0.2883644515625 0.0274064015625 0.290248028125 0.042587735937499996 0.300881821875 0.053405545312500004 0.31136613125 0.0543775078125 0.31611995937500004 0.040846446875
10 0.8101971328124999 0.40941567343749996 0.8058678703125001 0.407358409375 0.80082701875 0.4237607109375 0.8031929515625 0.4416776234375 0.8097845093749999 0.447566928125 0.8167089390625 0.44634596406249993 0.8183852421874999 0.43335755468750004 0.8101971328124999 0.40941567343749996
10 0.41869138437500003 0.15015876875 0.410997575 0.15151539375 0.40677195 0.163543003125 0.4089425515625 0.1758531 0.420150396875 0.1809284296875 0.43360859375 0.16727286875 0.42836046718750004 0.1555054234375 0.41869138437500003 0.15015876875
10 10 0.7775863109375 0.08754734374999999 0.7510331953125 0.1182647953125 0.7272827875 0.1352250828125 0.69749625 0.15094557656250002 0.6876727296875 0.16060271406249998 0.670456453125 0.1694785296875 0.6308129109375 0.1721076015625 0.6007327234375001 0.167088709375 0.5677701359375 0.1539514421875 0.5517524984375 0.13524511875 0.5536406140625 0.093032796875 0.5751869328125 0.0638541078125 0.598666015625 0.0450680328125 0.6315951171874999 0.0397401546875 0.65086865625 0.025891296875000004 0.653310584375 10 0.678784696875 10 0.7775863109375
10 0.6842535484375001 0.9571011671874998 0.6783277359375 0.9369913249999999 0.670484440625 0.9285021078125 0.6633188328124999 0.9283552828125 0.6576002937500001 0.9364151890624999 0.6599203796875 0.9585711312499999 0.66699429375 0.9671960125 0.67771978125 0.9695357640625 0.6842535484375001 0.9571011671874998
10 0.49651973437499997 0.9406859859375001 0.496083225 0.93371138125 0.4852541 0.91728675625 0.47193344375000007 0.9182252312500001 0.47059001406249995 0.924103375 0.472668921875 0.9448915281250001 0.4777217171875 0.9510521578125001 0.4879648484375 0.9506563328125001 0.49651973437499997 0.9406859859375001
10 0.4702771765625 0.7873580062500001 0.468106575 0.775047909375 0.46079148281250004 0.765055240625 0.455405815625 0.766004878125 0.4494002515625001 0.776936025 0.4522943875 0.7933494859375 0.460665884375 0.8003352546875 0.46734913593749994 0.7977465015625 0.4702771765625 0.7873580062500001
10 0.38153714218749996 0.9454470562499999 0.3789758765625 0.9219233265625 0.368629109375 0.9082342796875 0.356077834375 0.90903709375 0.35185220937499995 0.921064703125 0.35239235625000004 0.94212418125 0.36018980312500004 0.9548524281249999 0.37630095781249995 0.956242540625 0.38153714218749996 0.9454470562499999
10 0.29201143749999997 0.7106669343750001 0.2870044890625 0.7002672765625 0.2732473234375 0.6942311484375 0.267092275 0.69531645 0.2618102453125 0.7103509625 0.264463203125 0.725396634375 0.2725935234375 0.7310146140625 0.288796371875 0.7239266703125 0.29201143749999997 0.7106669343750001