10 0.10859375 0.35859375 0.0234375 0.0359375
10 0.040625 0.10703125 0.0125 0.021875
10 0.00234375 0.453125 0.0046875 0.025
10 0.215625 0.31484375 0.0140625 0.021875
10 0.46779270625 0.0424447296875 0.4698238625 0.02590229375 0.4674700953125 0.013019415624999999 0.458743653125 0.0007533890625 0.44747826562500004 0.0091654078125 0.44399463125 0.0311267796875 0.4473914609375 0.0483356875 0.46239220625 0.0543755046875 0.46779270625 0.0424447296875
10 0.6451382734375001 0.34175166875 0.641599665625 0.33851854375 0.63198350625 0.3527303390625 0.6290076609374999 0.37055610156249996 0.6335893328125 0.37811525625 0.6405681734374999 0.37897215 0.6459686734375 0.367041375 0.6451382734375001 0.34175166875
10 0.0359375 0.91484375 0.04375 0.0921875
10 0.021875 0.68671875 0.0359375 0.078125
10 0.215625 0.96015625 0.025 0.053125
10 0.05 0.5140625 0.01875 0.0421875
10 0.8462626296875001 1 0.841235271875 0.9128097234375 0.826207040625 0.8941726578125 0.8218655203124999 0.878247075 0.8130681890624999 0.872968940625 0.7928911796875 0.9026758578125001 0.7738006374999999 0.9171236640625 0.7657353312499999 0.9315258796875 0.75639838125 0.9947481296875 0.758393865625 1 0.8462626296875001 1