10 0.12421875 0.49921875 0.0359375 0.084375
10 0.01171875 0.52578125 0.0234375 0.0390625
10 0.1140625 0.10625 0.0765625 0.1375
10 0.636829996875 0.2442960609375 0.6384265484375 0.26234863750000004 0.64444405625 0.273980421875 0.6610834140625 0.27386708125000003 0.6696383 0.2638967375 0.6661920734375 0.203860865625 0.6591181609375 0.195235984375 0.65373249375 0.19618562343749998 0.6436388453124999 0.20642729375000002 0.636829996875 0.2442960609375
10 0.8158995875 0.35704346875000004 0.817105478125 0.36388241093749996 0.8330332453124999 0.3822286359375 0.8459632390625 0.3700765265625 0.8510957859375001 0.3451961703125 0.846226378125 0.3220794265625 0.8404042015625001 0.3160544609375 0.8316998328124999 0.3161789609375 0.820021575 0.3309309859375 0.8158995875 0.35704346875000004
10 0.090625 0.63515625 0.03125 0.078125
10 0.0296875 0.58046875 0.0328125 0.0484375
10 0.04453125 0.93359375 0.025 0.0296875
10 0.19765625 0.82890625 0.0265625 0.0609375
10 0.2953125 0.93359375 0.028125 0.053125
10 0.390625 0.67421875 0.0296875 0.0578125
10 0.571875 0.57265625 0.04375 0.0453125
10 0.7375 0.70703125 0.03125 0.05625