10 0.2734375 0.48125 0.040625 0.0875
10 0.29765625 0.178125 0.028125 0.090625
10 0.03125 0.51953125 0.03125 0.0203125
10 0.20234375 0.228125 0.03125 0.0828125
10 0.878125 0.36015625 0.040625 0.0578125
10 0.99453125 0.03359375 0.0109375 0.0484375
10 0.984375 0.1875 0.0265625 0.040625
10 0.5046875 0.8671875 0.015625 0.0296875
10 0.14453125 0.89375 0.040625 0.053125
10 0.3125 0.909375 0.025 0.0421875
10 0.34921875 0.65546875 0.0234375 0.071875
10 0.8078125 0.715625 0.0390625 0.0515625
10 0.671875 0.72265625 0.0265625 0.0328125