10 0.3268087171875 0.4890625 0.326708453125 0.48782823437499995 0.320210171875 0.4640584953125 0.315056621875 0.4198371328125 0.2960807703125 0.4086098359375 0.2921011859375 0.41260227812499994 0.28822870156249997 0.42362741093749995 0.29196565625000004 0.45681603906249996 0.2937773 0.4890625 0.3268087171875 0.4890625
10 0.340625 0.1203125 0.0453125 0.0890625
10 0.025 0.0984375 0.0265625 0.046875
10 0.5890625 0.40546875 0.05625 0.0734375
10 0.903125 0.47578125 0.0375 0.0265625
10 0.903125 0.103125 0.015625 0.0265625
10 0.35078125 0.95625 0.0453125 0.0875
10 0.0359375 0.9359375 0.0265625 0.046875
10 0.290625 0.66015625 0.034375 0.0921875
10 0.21328125 0.734375 0.0359375 0.084375
10 0.7890625 0.590625 0.0359375 0.04375
10 0.91171875 0.95 0.04375 0.05625