10 0.12265625 0.2625 0.0375 0.05
10 0.19296875 0.26328125 0.0328125 0.0390625
10 0.38359375 0.09921875 0.0453125 0.0453125
10 0.0578125 0.73046875 0.05 0.0609375
10 0.3046875 0.62578125 0.0484375 0.0484375
10 0.08828125 0.053125 0.05625 0.1
10 0.8203125 0.67265625 0.0765625 0.1453125
10 0.72644865625 0.1522790140625 0.7246968468749999 0.10929641875 0.716070153125 0.07900205 0.702990334375 0.080354671875 0.7084358374999999 0.13816181249999998 0.7138118796875 0.1597239390625 0.7203761562500001 0.166675728125 0.725346459375 0.164005084375 0.72644865625 0.1522790140625
10 0.7689444625 10 0.7831815796875 0.0784919140625 0.7837593953124999 0.09695614999999999 0.7920897234375 0.1077618359375 0.8029517437500001 0.10028227187500001 0.8064415328125 0.08414381875 0.8043207609374999 0.07608414062499999 0.797105859375 0.0187181609375 0.782307790625 10 0.7689444625 0
10 0.8628022281250001 0.36448439375 0.8670516765624999 0.2971029921875 0.8350730734375 0.2678595515625 0.8341835906250001 0.3482401625 0.8383809093749999 0.363416275 0.839888846875 0.375922975 0.8492271828125 0.3907715578125 0.858831784375 0.3840826390625 0.8628022281250001 0.36448439375
10 0.541231840625 0.30820001874999997 0.542825815625 0.3178224515625 0.54787400625 0.3251522421875 0.5603387046874999 0.32347585156249997 0.5642231109375 0.30676187499999996 0.5477230625 0.2755677390625 0.541231840625 0.30820001874999997
10 0.6544355765625001 0.31242040000000004 0.6551238828124999 0.28934626093750004 0.6425975968750001 0.2552528125 0.6319071 0.2478983984375 0.6189343203125001 0.25399568906250003 0.6176681984375 0.25860559375 0.6327104296874999 0.309248640625 0.6400327499999999 0.316011428125 0.6544355765625001 0.31242040000000004
10 0.642823328125 0.11730424531250001 0.6461833546875 0.1307805734375 0.6568738515625 0.1381349890625 0.6627742734375 0.129506809375 0.6638764703125 0.1177807375 0.652264003125 0.10349915624999999 0.642823328125 0.11730424531250001
10 0.62558895625 0.026651204687500003 0.629870953125 0.0470547 0.6473581609375 0.087545428125 0.659599240625 0.08067629531250001 0.6387256609375 0.02767008125 0.63173934375 0.022254925000000002 0.62558895625 0.026651204687500003
10 0.6469115796875 0.4684112515625 0.6550000953125 0.4621003359375 0.657282375 0.4486486296875 0.6546803921875 0.43498329843750005 0.6485381562500001 0.42649487343750003 0.6372535421875 0.4264456296875 0.6289929515624999 0.43852508125 0.6273047875 0.4446716171875 0.6307508515625 0.45526368125000005 0.6469115796875 0.4684112515625
10 0.4125 0.815625 0.00625 0.059375